0.010000	0.020000	0.000000
0.020000	0.038400	0.001400
0.030000	0.055328	0.004088
0.040000	0.070902	0.007961
0.050000	0.085230	0.012924
0.060000	0.098413	0.018889
0.070000	0.110541	0.025776
0.080000	0.121701	0.033511
0.090000	0.131970	0.042025
0.100000	0.141420	0.051255
0.110000	0.150117	0.061144
0.120000	0.158121	0.071639
0.130000	0.165489	0.082689
0.140000	0.172273	0.094251
0.150000	0.178519	0.106282
0.160000	0.184271	0.118745
0.170000	0.189570	0.131603
0.180000	0.194452	0.144826
0.190000	0.198950	0.158383
0.200000	0.203097	0.172246
0.210000	0.206920	0.186392
0.220000	0.210446	0.200797
0.230000	0.213700	0.215439
0.240000	0.216702	0.230300
0.250000	0.219474	0.245361
0.260000	0.222034	0.260606
0.270000	0.224400	0.276020
0.280000	0.226587	0.291589
0.290000	0.228610	0.307300
0.300000	0.230482	0.323142
0.310000	0.232215	0.339104
0.320000	0.233820	0.355176
0.330000	0.235309	0.371350
0.340000	0.236690	0.387616
0.350000	0.237972	0.403967
0.360000	0.239163	0.420396
0.370000	0.240270	0.436897
0.380000	0.241301	0.453464
0.390000	0.242261	0.470091
0.400000	0.243156	0.486773
0.410000	0.243991	0.503506
0.420000	0.244772	0.520286
0.430000	0.245502	0.537108
0.440000	0.246185	0.553969
0.450000	0.246826	0.570867
0.460000	0.247428	0.587797
0.470000	0.247993	0.604757
0.480000	0.248526	0.621744
0.490000	0.249028	0.638757
0.500000	0.249502	0.655793
0.510000	0.249950	0.672850
0.520000	0.250374	0.689926
0.530000	0.250777	0.707020
0.540000	0.251159	0.724129
0.550000	0.251523	0.741254
0.560000	0.251870	0.758391
0.570000	0.252202	0.775541
0.580000	0.252519	0.792702
0.590000	0.252823	0.809873
0.600000	0.253115	0.827053
0.610000	0.253395	0.844241
0.620000	0.253666	0.861437
0.630000	0.253927	0.878639
0.640000	0.254179	0.895847
0.650000	0.254424	0.913061
0.660000	0.254661	0.930280
0.670000	0.254891	0.947503
0.680000	0.255116	0.964730
0.690000	0.255334	0.981960
0.700000	0.255548	0.999193
0.710000	0.255756	1.016429
0.720000	0.255961	1.033667
0.730000	0.256161	1.050907
0.740000	0.256358	1.068149
0.750000	0.256551	1.085392
0.760000	0.256741	1.102636
0.770000	0.256929	1.119881
0.780000	0.257114	1.137127
0.790000	0.257297	1.154373
0.800000	0.257477	1.171619
0.810000	0.257656	1.188866
0.820000	0.257832	1.206113
0.830000	0.258008	1.223359
0.840000	0.258181	1.240605
0.850000	0.258354	1.257851
0.860000	0.258525	1.275096
0.870000	0.258695	1.292341
0.880000	0.258865	1.309585
0.890000	0.259033	1.326828
0.900000	0.259201	1.344070
0.910000	0.259368	1.361311
0.920000	0.259534	1.378551
0.930000	0.259700	1.395789
0.940000	0.259865	1.413027
0.950000	0.260030	1.430263
0.960000	0.260195	1.447498
0.970000	0.260359	1.464732
0.980000	0.260523	1.481964
0.990000	0.260687	1.499195
1.000000	0.260851	1.516424
1.010000	0.261015	1.533652
1.020000	0.261179	1.550878
1.030000	0.261342	1.568103
1.040000	0.261506	1.585326
1.050000	0.261670	1.602547
1.060000	0.261833	1.619767
1.070000	0.261997	1.636985
1.080000	0.262161	1.654201
1.090000	0.262325	1.671415
1.100000	0.262489	1.688628
1.110000	0.262653	1.705838
1.120000	0.262818	1.723047
1.130000	0.262983	1.740255
1.140000	0.263148	1.757460
1.150000	0.263313	1.774663
1.160000	0.263478	1.791865
1.170000	0.263644	1.809064
1.180000	0.263810	1.826262
1.190000	0.263976	1.843457
1.200000	0.264143	1.860651
1.210000	0.264309	1.877843
1.220000	0.264476	1.895033
1.230000	0.264644	1.912221
1.240000	0.264812	1.929406
1.250000	0.264980	1.946590
1.260000	0.265148	1.963772
1.270000	0.265317	1.980952
1.280000	0.265486	1.998129
1.290000	0.265655	2.015305
1.300000	0.265825	2.032479
1.310000	0.265995	2.049650
1.320000	0.266166	2.066820
1.330000	0.266337	2.083987
1.340000	0.266508	2.101153
1.350000	0.266680	2.118316
1.360000	0.266852	2.135477
1.370000	0.267025	2.152636
1.380000	0.267198	2.169793
1.390000	0.267371	2.186947
1.400000	0.267545	2.204100
1.410000	0.267719	2.221250
1.420000	0.267893	2.238399
1.430000	0.268068	2.255545
1.440000	0.268244	2.272689
1.450000	0.268419	2.289830
1.460000	0.268596	2.306970
1.470000	0.268772	2.324107
1.480000	0.268949	2.341242
1.490000	0.269127	2.358375
1.500000	0.269305	2.375506
1.510000	0.269483	2.392635
1.520000	0.269662	2.409761
1.530000	0.269842	2.426885
1.540000	0.270021	2.444007
1.550000	0.270202	2.461126
1.560000	0.270382	2.478244
1.570000	0.270564	2.495359
1.580000	0.270745	2.512471
1.590000	0.270927	2.529582
1.600000	0.271110	2.546690
1.610000	0.271293	2.563796
1.620000	0.271476	2.580899
1.630000	0.271660	2.598001
1.640000	0.271845	2.615100
1.650000	0.272030	2.632196
1.660000	0.272215	2.649290
1.670000	0.272401	2.666382
1.680000	0.272588	2.683472
1.690000	0.272775	2.700559
1.700000	0.272962	2.717644
1.710000	0.273150	2.734726
1.720000	0.273338	2.751806
1.730000	0.273527	2.768884
1.740000	0.273717	2.785959
1.750000	0.273907	2.803032
1.760000	0.274097	2.820103
1.770000	0.274288	2.837171
1.780000	0.274479	2.854237
1.790000	0.274671	2.871300
1.800000	0.274864	2.888361
1.810000	0.275057	2.905419
1.820000	0.275251	2.922475
1.830000	0.275445	2.939528
1.840000	0.275639	2.956579
1.850000	0.275835	2.973627
1.860000	0.276030	2.990673
1.870000	0.276226	3.007717
1.880000	0.276423	3.024758
1.890000	0.276621	3.041796
1.900000	0.276819	3.058832
1.910000	0.277017	3.075865
1.920000	0.277216	3.092896
1.930000	0.277416	3.109925
1.940000	0.277616	3.126950
1.950000	0.277816	3.143973
1.960000	0.278018	3.160994
1.970000	0.278220	3.178012
1.980000	0.278422	3.195027
1.990000	0.278625	3.212040
2.000000	0.278828	3.229050
2.010000	0.279033	3.246058
2.020000	0.279237	3.263063
2.030000	0.279443	3.280065
2.040000	0.279649	3.297065
2.050000	0.279855	3.314062
2.060000	0.280062	3.331056
2.070000	0.280270	3.348048
2.080000	0.280478	3.365037
2.090000	0.280687	3.382023
2.100000	0.280897	3.399006
2.110000	0.281107	3.415987
2.120000	0.281318	3.432965
2.130000	0.281529	3.449941
2.140000	0.281741	3.466914
2.150000	0.281954	3.483883
2.160000	0.282167	3.500851
2.170000	0.282381	3.517815
2.180000	0.282596	3.534777
2.190000	0.282811	3.551735
2.200000	0.283027	3.568691
2.210000	0.283243	3.585645
2.220000	0.283461	3.602595
2.230000	0.283678	3.619543
2.240000	0.283897	3.636487
2.250000	0.284116	3.653429
2.260000	0.284336	3.670368
2.270000	0.284556	3.687304
2.280000	0.284778	3.704238
2.290000	0.284999	3.721168
2.300000	0.285222	3.738095
2.310000	0.285445	3.755020
2.320000	0.285669	3.771942
2.330000	0.285894	3.788860
2.340000	0.286119	3.805776
2.350000	0.286345	3.822689
2.360000	0.286572	3.839599
2.370000	0.286799	3.856505
2.380000	0.287028	3.873409
2.390000	0.287256	3.890310
2.400000	0.287486	3.907208
2.410000	0.287716	3.924103
2.420000	0.287948	3.940994
2.430000	0.288179	3.957883
2.440000	0.288412	3.974769
2.450000	0.288645	3.991651
2.460000	0.288879	4.008531
2.470000	0.289114	4.025407
2.480000	0.289350	4.042280
2.490000	0.289586	4.059151
2.500000	0.289823	4.076018
2.510000	0.290061	4.092881
2.520000	0.290300	4.109742
2.530000	0.290539	4.126600
2.540000	0.290779	4.143454
2.550000	0.291021	4.160305
2.560000	0.291262	4.177153
2.570000	0.291505	4.193998
2.580000	0.291748	4.210839
2.590000	0.291993	4.227678
2.600000	0.292238	4.244513
2.610000	0.292484	4.261344
2.620000	0.292730	4.278173
2.630000	0.292978	4.294998
2.640000	0.293226	4.311820
2.650000	0.293476	4.328638
2.660000	0.293726	4.345453
2.670000	0.293977	4.362265
2.680000	0.294229	4.379073
2.690000	0.294481	4.395878
2.700000	0.294735	4.412680
2.710000	0.294989	4.429478
2.720000	0.295245	4.446273
2.730000	0.295501	4.463064
2.740000	0.295758	4.479852
2.750000	0.296016	4.496637
2.760000	0.296275	4.513418
2.770000	0.296535	4.530195
2.780000	0.296796	4.546969
2.790000	0.297057	4.563739
2.800000	0.297320	4.580506
2.810000	0.297583	4.597269
2.820000	0.297848	4.614029
2.830000	0.298113	4.630785
2.840000	0.298380	4.647538
2.850000	0.298647	4.664287
2.860000	0.298915	4.681032
2.870000	0.299185	4.697773
2.880000	0.299455	4.714511
2.890000	0.299726	4.731245
2.900000	0.299998	4.747976
2.910000	0.300272	4.764703
2.920000	0.300546	4.781426
2.930000	0.300821	4.798145
2.940000	0.301098	4.814860
2.950000	0.301375	4.831572
2.960000	0.301653	4.848280
2.970000	0.301933	4.864984
2.980000	0.302213	4.881684
2.990000	0.302495	4.898380
3.000000	0.302777	4.915073
3.010000	0.303061	4.931761
3.020000	0.303346	4.948446
3.030000	0.303631	4.965127
3.040000	0.303918	4.981804
3.050000	0.304206	4.998476
3.060000	0.304496	5.015145
3.070000	0.304786	5.031810
3.080000	0.305077	5.048471
3.090000	0.305370	5.065127
3.100000	0.305664	5.081780
3.110000	0.305958	5.098429
3.120000	0.306254	5.115073
3.130000	0.306552	5.131713
3.140000	0.306850	5.148349
3.150000	0.307149	5.164981
3.160000	0.307450	5.181609
3.170000	0.307752	5.198233
3.180000	0.308055	5.214852
3.190000	0.308360	5.231467
3.200000	0.308665	5.248078
3.210000	0.308972	5.264684
3.220000	0.309280	5.281287
3.230000	0.309590	5.297884
3.240000	0.309900	5.314478
3.250000	0.310212	5.331067
3.260000	0.310525	5.347652
3.270000	0.310840	5.364232
3.280000	0.311156	5.380808
3.290000	0.311473	5.397379
3.300000	0.311791	5.413946
3.310000	0.312111	5.430508
3.320000	0.312432	5.447066
3.330000	0.312755	5.463619
3.340000	0.313079	5.480167
3.350000	0.313404	5.496711
3.360000	0.313730	5.513251
3.370000	0.314059	5.529785
3.380000	0.314388	5.546315
3.390000	0.314719	5.562840
3.400000	0.315051	5.579361
3.410000	0.315385	5.595877
3.420000	0.315720	5.612387
3.430000	0.316057	5.628893
3.440000	0.316395	5.645395
3.450000	0.316735	5.661891
3.460000	0.317076	5.678382
3.470000	0.317419	5.694869
3.480000	0.317764	5.711350
3.490000	0.318109	5.727827
3.500000	0.318457	5.744298
3.510000	0.318806	5.760765
3.520000	0.319157	5.777226
3.530000	0.319509	5.793682
3.540000	0.319863	5.810133
3.550000	0.320218	5.826579
3.560000	0.320575	5.843020
3.570000	0.320934	5.859455
3.580000	0.321294	5.875886
3.590000	0.321656	5.892311
3.600000	0.322020	5.908730
3.610000	0.322386	5.925144
3.620000	0.322753	5.941553
3.630000	0.323122	5.957957
3.640000	0.323493	5.974355
3.650000	0.323866	5.990747
3.660000	0.324240	6.007134
3.670000	0.324616	6.023515
3.680000	0.324994	6.039891
3.690000	0.325374	6.056261
3.700000	0.325756	6.072626
3.710000	0.326139	6.088985
3.720000	0.326525	6.105338
3.730000	0.326912	6.121685
3.740000	0.327302	6.138027
3.750000	0.327693	6.154362
3.760000	0.328086	6.170692
3.770000	0.328482	6.187016
3.780000	0.328879	6.203334
3.790000	0.329278	6.219646
3.800000	0.329679	6.235952
3.810000	0.330083	6.252252
3.820000	0.330488	6.268545
3.830000	0.330896	6.284833
3.840000	0.331306	6.301114
3.850000	0.331718	6.317389
3.860000	0.332132	6.333658
3.870000	0.332548	6.349920
3.880000	0.332966	6.366177
3.890000	0.333387	6.382426
3.900000	0.333810	6.398669
3.910000	0.334235	6.414906
3.920000	0.334662	6.431136
3.930000	0.335092	6.447360
3.940000	0.335524	6.463577
3.950000	0.335959	6.479787
3.960000	0.336396	6.495991
3.970000	0.336835	6.512187
3.980000	0.337277	6.528377
3.990000	0.337721	6.544560
4.000000	0.338168	6.560736
4.010000	0.338617	6.576905
4.020000	0.339069	6.593067
4.030000	0.339523	6.609222
4.040000	0.339980	6.625370
4.050000	0.340440	6.641511
4.060000	0.340902	6.657644
4.070000	0.341367	6.673770
4.080000	0.341835	6.689889
4.090000	0.342305	6.706000
4.100000	0.342779	6.722104
4.110000	0.343255	6.738200
4.120000	0.343733	6.754288
4.130000	0.344215	6.770369
4.140000	0.344700	6.786443
4.150000	0.345187	6.802508
4.160000	0.345678	6.818566
4.170000	0.346171	6.834615
4.180000	0.346668	6.850657
4.190000	0.347167	6.866691
4.200000	0.347670	6.882716
4.210000	0.348176	6.898734
4.220000	0.348685	6.914743
4.230000	0.349197	6.930744
4.240000	0.349713	6.946737
4.250000	0.350231	6.962721
4.260000	0.350753	6.978696
4.270000	0.351279	6.994663
4.280000	0.351808	7.010622
4.290000	0.352340	7.026571
4.300000	0.352876	7.042512
4.310000	0.353415	7.058444
4.320000	0.353958	7.074367
4.330000	0.354505	7.090281
4.340000	0.355055	7.106185
4.350000	0.355609	7.122081
4.360000	0.356167	7.137967
4.370000	0.356728	7.153844
4.380000	0.357294	7.169711
4.390000	0.357863	7.185569
4.400000	0.358436	7.201417
4.410000	0.359013	7.217256
4.420000	0.359595	7.233084
4.430000	0.360180	7.248903
4.440000	0.360770	7.264711
4.450000	0.361363	7.280510
4.460000	0.361961	7.296298
4.470000	0.362564	7.312076
4.480000	0.363171	7.327844
4.490000	0.363782	7.343601
4.500000	0.364398	7.359347
4.510000	0.365018	7.375083
4.520000	0.365643	7.390808
4.530000	0.366273	7.406522
4.540000	0.366907	7.422224
4.550000	0.367546	7.437916
4.560000	0.368191	7.453596
4.570000	0.368840	7.469265
4.580000	0.369494	7.484923
4.590000	0.370153	7.500568
4.600000	0.370818	7.516202
4.610000	0.371488	7.531824
4.620000	0.372163	7.547434
4.630000	0.372843	7.563032
4.640000	0.373529	7.578618
4.650000	0.374221	7.594191
4.660000	0.374918	7.609751
4.670000	0.375622	7.625299
4.680000	0.376330	7.640834
4.690000	0.377045	7.656356
4.700000	0.377766	7.671864
4.710000	0.378493	7.687360
4.720000	0.379226	7.702841
4.730000	0.379966	7.718310
4.740000	0.380712	7.733764
4.750000	0.381464	7.749204
4.760000	0.382224	7.764631
4.770000	0.382989	7.780043
4.780000	0.383762	7.795440
4.790000	0.384542	7.810823
4.800000	0.385328	7.826191
4.810000	0.386122	7.841543
4.820000	0.386924	7.856881
4.830000	0.387732	7.872203
4.840000	0.388548	7.887510
4.850000	0.389372	7.902800
4.860000	0.390204	7.918075
4.870000	0.391044	7.933333
4.880000	0.391891	7.948575
4.890000	0.392747	7.963800
4.900000	0.393612	7.979008
4.910000	0.394485	7.994199
4.920000	0.395366	8.009373
4.930000	0.396257	8.024528
4.940000	0.397156	8.039666
4.950000	0.398065	8.054786
4.960000	0.398983	8.069887
4.970000	0.399911	8.084970
4.980000	0.400848	8.100033
4.990000	0.401795	8.115078
5.000000	0.402753	8.130102
5.010000	0.403720	8.145107
5.020000	0.404698	8.160092
5.030000	0.405687	8.175056
5.040000	0.406687	8.190000
5.050000	0.407698	8.204922
5.060000	0.408720	8.219823
5.070000	0.409754	8.234702
5.080000	0.410799	8.249559
5.090000	0.411857	8.264393
5.100000	0.412927	8.279204
5.110000	0.414010	8.293993
5.120000	0.415105	8.308757
5.130000	0.416214	8.323497
5.140000	0.417336	8.338213
5.150000	0.418471	8.352904
5.160000	0.419621	8.367570
5.170000	0.420785	8.382209
5.180000	0.421964	8.396823
5.190000	0.423158	8.411409
5.200000	0.424367	8.425969
5.210000	0.425592	8.440500
5.220000	0.426832	8.455004
5.230000	0.428090	8.469478
5.240000	0.429364	8.483923
5.250000	0.430655	8.498338
5.260000	0.431964	8.512723
5.270000	0.433291	8.527076
5.280000	0.434636	8.541398
5.290000	0.436001	8.555687
5.300000	0.437385	8.569943
5.310000	0.438789	8.584165
5.320000	0.440213	8.598352
5.330000	0.441659	8.612505
5.340000	0.443126	8.626621
5.350000	0.444615	8.640701
5.360000	0.446127	8.654743
5.370000	0.447662	8.668746
5.380000	0.449222	8.682710
5.390000	0.450806	8.696634
5.400000	0.452415	8.710516
5.410000	0.454051	8.724357
5.420000	0.455713	8.738154
5.430000	0.457403	8.751907
5.440000	0.459121	8.765615
5.450000	0.460868	8.779276
5.460000	0.462646	8.792890
5.470000	0.464455	8.806454
5.480000	0.466296	8.819969
5.490000	0.468169	8.833432
5.500000	0.470077	8.846843
5.510000	0.472020	8.860199
5.520000	0.473999	8.873500
5.530000	0.476016	8.886743
5.540000	0.478071	8.899928
5.550000	0.480166	8.913052
5.560000	0.482303	8.926114
5.570000	0.484482	8.939111
5.580000	0.486706	8.952043
5.590000	0.488975	8.964906
5.600000	0.491292	8.977700
5.610000	0.493658	8.990421
5.620000	0.496075	9.003068
5.630000	0.498545	9.015637
5.640000	0.501069	9.028127
5.650000	0.503651	9.040535
5.660000	0.506291	9.052858
5.670000	0.508993	9.065093
5.680000	0.511759	9.077237
5.690000	0.514591	9.089288
5.700000	0.517493	9.101240
5.710000	0.520466	9.113092
5.720000	0.523515	9.124838
5.730000	0.526642	9.136476
5.740000	0.529851	9.148001
5.750000	0.533145	9.159408
5.760000	0.536529	9.170693
5.770000	0.540005	9.181851
5.780000	0.543580	9.192877
5.790000	0.547256	9.203764
5.800000	0.551040	9.214508
5.810000	0.554936	9.225101
5.820000	0.558950	9.235538
5.830000	0.563089	9.245810
5.840000	0.567357	9.255911
5.850000	0.571763	9.265832
5.860000	0.576313	9.275564
5.870000	0.581015	9.285098
5.880000	0.585879	9.294425
5.890000	0.590912	9.303533
5.900000	0.596125	9.312411
5.910000	0.601528	9.321046
5.920000	0.607132	9.329427
5.930000	0.612951	9.337537
5.940000	0.618997	9.345361
5.950000	0.625285	9.352884
5.960000	0.631830	9.360086
5.970000	0.638650	9.366947
5.980000	0.645763	9.373448
5.990000	0.653190	9.379563
6.000000	0.660953	9.385267
6.010000	0.669078	9.390534
6.020000	0.677590	9.395331
6.030000	0.686519	9.399626
6.040000	0.695899	9.403381
6.050000	0.705765	9.406556
6.060000	0.716158	9.409105
6.070000	0.727123	9.410978
6.080000	0.738710	9.412120
6.090000	0.750974	9.412469
6.100000	0.763979	9.411954
6.110000	0.777795	9.410498
6.120000	0.792502	9.408014
6.130000	0.808190	9.404401
6.140000	0.824961	9.399547
6.150000	0.842934	9.393325
6.160000	0.862242	9.385587
6.170000	0.883041	9.376166
6.180000	0.905510	9.364867
6.190000	0.929856	9.351466
6.200000	0.956323	9.335700
6.210000	0.985197	9.317263
6.220000	1.016816	9.295792
6.230000	1.051581	9.270858
6.240000	1.089974	9.241950
6.250000	1.132575	9.208450
6.260000	1.180088	9.169611
6.270000	1.233377	9.124520
6.280000	1.293511	9.072053
6.290000	1.361821	9.010807
6.300000	1.439986	8.939024
6.310000	1.530143	8.854467
6.320000	1.635045	8.754264
6.330000	1.758275	8.634683
6.340000	1.904557	8.490819
6.350000	2.080184	8.316147
6.360000	2.293622	8.101907
6.370000	2.556350	7.836243
6.380000	2.883934	7.503095
6.390000	3.297257	7.080932
6.400000	3.823309	6.541908
6.410000	4.493720	5.853264
6.420000	5.336203	4.985844
6.430000	6.349028	3.939656
6.440000	7.449188	2.796006
6.450000	8.424768	1.765934
6.460000	9.024189	1.102266
6.470000	9.219895	0.836318
6.480000	9.213228	0.770786
6.490000	9.150440	0.761441
6.500000	9.075964	0.764413
6.510000	8.999558	0.770060
6.520000	8.923280	0.776342
6.530000	8.847580	0.782810
6.540000	8.772554	0.789359
6.550000	8.698223	0.795965
6.560000	8.624585	0.802621
6.570000	8.551635	0.809325
6.580000	8.479367	0.816076
6.590000	8.407774	0.822876
6.600000	8.336848	0.829724
6.610000	8.266584	0.836620
6.620000	8.196973	0.843565
6.630000	8.128009	0.850559
6.640000	8.059686	0.857602
6.650000	7.991997	0.864694
6.660000	7.924935	0.871836
6.670000	7.858493	0.879029
6.680000	7.792666	0.886271
6.690000	7.727446	0.893564
6.700000	7.662828	0.900907
6.710000	7.598805	0.908302
6.720000	7.535371	0.915748
6.730000	7.472520	0.923246
6.740000	7.410245	0.930795
6.750000	7.348542	0.938396
6.760000	7.287402	0.946050
6.770000	7.226822	0.953757
6.780000	7.166794	0.961516
6.790000	7.107314	0.969329
6.800000	7.048374	0.977195
6.810000	6.989971	0.985115
6.820000	6.932097	0.993089
6.830000	6.874748	1.001117
6.840000	6.817918	1.009200
6.850000	6.761601	1.017338
6.860000	6.705792	1.025531
6.870000	6.650485	1.033779
6.880000	6.595676	1.042083
6.890000	6.541359	1.050444
6.900000	6.487529	1.058861
6.910000	6.434180	1.067334
6.920000	6.381307	1.075865
6.930000	6.328907	1.084452
6.940000	6.276972	1.093098
6.950000	6.225499	1.101801
6.960000	6.174482	1.110563
6.970000	6.123917	1.119383
6.980000	6.073799	1.128262
6.990000	6.024123	1.137201
7.000000	5.974884	1.146198
7.010000	5.926077	1.155256
7.020000	5.877698	1.164374
7.030000	5.829742	1.173553
7.040000	5.782206	1.182792
7.050000	5.735083	1.192093
7.060000	5.688370	1.201455
7.070000	5.642062	1.210880
7.080000	5.596154	1.220366
7.090000	5.550643	1.229916
7.100000	5.505525	1.239528
7.110000	5.460794	1.249204
7.120000	5.416446	1.258944
7.130000	5.372478	1.268747
7.140000	5.328885	1.278616
7.150000	5.285663	1.288549
7.160000	5.242807	1.298548
7.170000	5.200315	1.308612
7.180000	5.158181	1.318742
7.190000	5.116402	1.328940
7.200000	5.074974	1.339204
7.210000	5.033893	1.349535
7.220000	4.993155	1.359934
7.230000	4.952756	1.370402
7.240000	4.912692	1.380938
7.250000	4.872960	1.391543
7.260000	4.833555	1.402218
7.270000	4.794475	1.412963
7.280000	4.755714	1.423779
7.290000	4.717271	1.434665
7.300000	4.679140	1.445623
7.310000	4.641319	1.456653
7.320000	4.603803	1.467756
7.330000	4.566590	1.478931
7.340000	4.529675	1.490180
7.350000	4.493055	1.501503
7.360000	4.456728	1.512900
7.370000	4.420688	1.524372
7.380000	4.384933	1.535920
7.390000	4.349460	1.547544
7.400000	4.314264	1.559245
7.410000	4.279343	1.571023
7.420000	4.244694	1.582879
7.430000	4.210313	1.594814
7.440000	4.176196	1.606827
7.450000	4.142341	1.618921
7.460000	4.108744	1.631094
7.470000	4.075402	1.643348
7.480000	4.042312	1.655684
7.490000	4.009471	1.668103
7.500000	3.976875	1.680604
7.510000	3.944521	1.693189
7.520000	3.912407	1.705858
7.530000	3.880529	1.718612
7.540000	3.848884	1.731452
7.550000	3.817469	1.744378
7.560000	3.786281	1.757391
7.570000	3.755316	1.770493
7.580000	3.724573	1.783683
7.590000	3.694048	1.796963
7.600000	3.663737	1.810333
7.610000	3.633638	1.823794
7.620000	3.603749	1.837347
7.630000	3.574065	1.850993
7.640000	3.544585	1.864733
7.650000	3.515305	1.878567
7.660000	3.486222	1.892497
7.670000	3.457333	1.906523
7.680000	3.428636	1.920647
7.690000	3.400128	1.934869
7.700000	3.371805	1.949190
7.710000	3.343666	1.963612
7.720000	3.315706	1.978135
7.730000	3.287924	1.992760
7.740000	3.260316	2.007488
7.750000	3.232880	2.022321
7.760000	3.205613	2.037260
7.770000	3.178512	2.052305
7.780000	3.151574	2.067457
7.790000	3.124797	2.082719
7.800000	3.098177	2.098091
7.810000	3.071712	2.113574
7.820000	3.045400	2.129169
7.830000	3.019237	2.144878
7.840000	2.993220	2.160702
7.850000	2.967348	2.176642
7.860000	2.941617	2.192700
7.870000	2.916024	2.208876
7.880000	2.890567	2.225173
7.890000	2.865244	2.241591
7.900000	2.840050	2.258132
7.910000	2.814985	2.274797
7.920000	2.790044	2.291588
7.930000	2.765226	2.308506
7.940000	2.740527	2.325552
7.950000	2.715945	2.342729
7.960000	2.691477	2.360037
7.970000	2.667121	2.377478
7.980000	2.642875	2.395054
7.990000	2.618734	2.412766
8.000000	2.594697	2.430615
8.010000	2.570761	2.448604
8.020000	2.546924	2.466734
8.030000	2.523183	2.485006
8.040000	2.499535	2.503422
8.050000	2.475978	2.521984
8.060000	2.452509	2.540693
8.070000	2.429126	2.559551
8.080000	2.405826	2.578559
8.090000	2.382607	2.597720
8.100000	2.359466	2.617035
8.110000	2.336401	2.636505
8.120000	2.313410	2.656132
8.130000	2.290490	2.675918
8.140000	2.267638	2.695865
8.150000	2.244854	2.715973
8.160000	2.222133	2.736245
8.170000	2.199475	2.756682
8.180000	2.176877	2.777286
8.190000	2.154336	2.798057
8.200000	2.131852	2.818998
8.210000	2.109421	2.840110
8.220000	2.087043	2.861395
8.230000	2.064715	2.882852
8.240000	2.042435	2.904485
8.250000	2.020202	2.926294
8.260000	1.998014	2.948280
8.270000	1.975870	2.970443
8.280000	1.953768	2.992786
8.290000	1.931708	3.015309
8.300000	1.909687	3.038013
8.310000	1.887706	3.060897
8.320000	1.865762	3.083964
8.330000	1.843856	3.107212
8.340000	1.821987	3.130643
8.350000	1.800154	3.154256
8.360000	1.778357	3.178051
8.370000	1.756596	3.202029
8.380000	1.734871	3.226188
8.390000	1.713182	3.250528
8.400000	1.691531	3.275048
8.410000	1.669916	3.299747
8.420000	1.648340	3.324623
8.430000	1.626804	3.349676
8.440000	1.605309	3.374904
8.450000	1.583856	3.400304
8.460000	1.562447	3.425873
8.470000	1.541085	3.451611
8.480000	1.519772	3.477513
8.490000	1.498511	3.503577
8.500000	1.477304	3.529798
8.510000	1.456155	3.556174
8.520000	1.435067	3.582701
8.530000	1.414045	3.609373
8.540000	1.393091	3.636185
8.550000	1.372212	3.663134
8.560000	1.351410	3.690214
8.570000	1.330692	3.717418
8.580000	1.310063	3.744740
8.590000	1.289527	3.772175
8.600000	1.269092	3.799715
8.610000	1.248763	3.827353
8.620000	1.228546	3.855083
8.630000	1.208448	3.882895
8.640000	1.188476	3.910783
8.650000	1.168636	3.938737
8.660000	1.148937	3.966750
8.670000	1.129385	3.994812
8.680000	1.109989	4.022915
8.690000	1.090755	4.051049
8.700000	1.071692	4.079205
8.710000	1.052807	4.107372
8.720000	1.034109	4.135543
8.730000	1.015605	4.163706
8.740000	0.997303	4.191851
8.750000	0.979212	4.219970
8.760000	0.961338	4.248051
8.770000	0.943690	4.276086
8.780000	0.926276	4.304063
8.790000	0.909102	4.331974
8.800000	0.892176	4.359809
8.810000	0.875505	4.387558
8.820000	0.859096	4.415213
8.830000	0.842955	4.442763
8.840000	0.827087	4.470201
8.850000	0.811500	4.497517
8.860000	0.796197	4.524705
8.870000	0.781185	4.551755
8.880000	0.766467	4.578661
8.890000	0.752048	4.605415
8.900000	0.737932	4.632012
8.910000	0.724120	4.658443
8.920000	0.710617	4.684705
8.930000	0.697425	4.710792
8.940000	0.684544	4.736698
8.950000	0.671977	4.762420
8.960000	0.659723	4.787954
8.970000	0.647784	4.813295
8.980000	0.636159	4.838443
8.990000	0.624848	4.863393
9.000000	0.613848	4.888144
9.010000	0.603159	4.912694
9.020000	0.592779	4.937043
9.030000	0.582705	4.961189
9.040000	0.572934	4.985133
9.050000	0.563463	5.008875
9.060000	0.554289	5.032414
9.070000	0.545407	5.055753
9.080000	0.536814	5.078892
9.090000	0.528504	5.101833
9.100000	0.520474	5.124578
9.110000	0.512719	5.147129
9.120000	0.505232	5.169489
9.130000	0.498009	5.191660
9.140000	0.491044	5.213644
9.150000	0.484332	5.235446
9.160000	0.477867	5.257068
9.170000	0.471642	5.278514
9.180000	0.465653	5.299787
9.190000	0.459892	5.320891
9.200000	0.454354	5.341830
9.210000	0.449034	5.362607
9.220000	0.443924	5.383227
9.230000	0.439018	5.403693
9.240000	0.434312	5.424009
9.250000	0.429798	5.444180
9.260000	0.425471	5.464209
9.270000	0.421325	5.484100
9.280000	0.417354	5.503858
9.290000	0.413553	5.523486
9.300000	0.409915	5.542988
9.310000	0.406436	5.562368
9.320000	0.403109	5.581630
9.330000	0.399931	5.600778
9.340000	0.396894	5.619815
9.350000	0.393995	5.638745
9.360000	0.391229	5.657571
9.370000	0.388590	5.676298
9.380000	0.386074	5.694928
9.390000	0.383677	5.713464
9.400000	0.381393	5.731911
9.410000	0.379219	5.750271
9.420000	0.377151	5.768547
9.430000	0.375184	5.786742
9.440000	0.373315	5.804859
9.450000	0.371540	5.822902
9.460000	0.369855	5.840871
9.470000	0.368256	5.858771
9.480000	0.366741	5.876604
9.490000	0.365306	5.894372
9.500000	0.363947	5.912077
9.510000	0.362662	5.929723
9.520000	0.361448	5.947310
9.530000	0.360302	5.964842
9.540000	0.359222	5.982319
9.550000	0.358204	5.999745
9.560000	0.357246	6.017121
9.570000	0.356345	6.034449
9.580000	0.355500	6.051731
9.590000	0.354708	6.068967
9.600000	0.353968	6.086161
9.610000	0.353276	6.103313
9.620000	0.352631	6.120426
9.630000	0.352031	6.137499
9.640000	0.351474	6.154535
9.650000	0.350959	6.171535
9.660000	0.350484	6.188501
9.670000	0.350048	6.205433
9.680000	0.349647	6.222333
9.690000	0.349283	6.239201
9.700000	0.348952	6.256039
9.710000	0.348653	6.272848
9.720000	0.348386	6.289628
9.730000	0.348149	6.306381
9.740000	0.347941	6.323108
9.750000	0.347761	6.339809
9.760000	0.347607	6.356485
9.770000	0.347479	6.373137
9.780000	0.347376	6.389765
9.790000	0.347296	6.406371
9.800000	0.347240	6.422955
9.810000	0.347205	6.439517
9.820000	0.347192	6.456059
9.830000	0.347199	6.472580
9.840000	0.347225	6.489081
9.850000	0.347271	6.505563
9.860000	0.347335	6.522027
9.870000	0.347416	6.538472
9.880000	0.347515	6.554899
9.890000	0.347630	6.571309
9.900000	0.347760	6.587702
9.910000	0.347907	6.604078
9.920000	0.348067	6.620438
9.930000	0.348243	6.636782
9.940000	0.348432	6.653111
9.950000	0.348635	6.669424
9.960000	0.348850	6.685722
9.970000	0.349079	6.702005
9.980000	0.349319	6.718274
9.990000	0.349571	6.734528
10.000000	0.349835	6.750769
10.010000	0.350110	6.766995
10.020000	0.350396	6.783208
10.030000	0.350693	6.799408
10.040000	0.351000	6.815594
10.050000	0.351317	6.831767
10.060000	0.351643	6.847927
10.070000	0.351980	6.864074
10.080000	0.352325	6.880209
10.090000	0.352680	6.896331
10.100000	0.353043	6.912441
10.110000	0.353415	6.928538
10.120000	0.353796	6.944623
10.130000	0.354185	6.960697
10.140000	0.354582	6.976757
10.150000	0.354987	6.992806
10.160000	0.355400	7.008844
10.170000	0.355821	7.024869
10.180000	0.356250	7.040882
10.190000	0.356686	7.056884
10.200000	0.357129	7.072874
10.210000	0.357579	7.088852
10.220000	0.358037	7.104818
10.230000	0.358502	7.120773
10.240000	0.358973	7.136716
10.250000	0.359452	7.152648
10.260000	0.359938	7.168568
10.270000	0.360430	7.184477
10.280000	0.360929	7.200373
10.290000	0.361434	7.216258
10.300000	0.361947	7.232132
10.310000	0.362465	7.247994
10.320000	0.362991	7.263844
10.330000	0.363522	7.279682
10.340000	0.364061	7.295509
10.350000	0.364605	7.311323
10.360000	0.365156	7.327126
10.370000	0.365714	7.342917
10.380000	0.366277	7.358696
10.390000	0.366848	7.374463
10.400000	0.367424	7.390218
10.410000	0.368007	7.405961
10.420000	0.368596	7.421692
10.430000	0.369192	7.437410
10.440000	0.369794	7.453116
10.450000	0.370402	7.468810
10.460000	0.371017	7.484491
10.470000	0.371639	7.500160
10.480000	0.372266	7.515815
10.490000	0.372901	7.531459
10.500000	0.373541	7.547089
10.510000	0.374189	7.562706
10.520000	0.374843	7.578310
10.530000	0.375503	7.593901
10.540000	0.376171	7.609479
10.550000	0.376845	7.625043
10.560000	0.377526	7.640593
10.570000	0.378214	7.656130
10.580000	0.378908	7.671654
10.590000	0.379610	7.687163
10.600000	0.380319	7.702658
10.610000	0.381034	7.718139
10.620000	0.381757	7.733606
10.630000	0.382488	7.749058
10.640000	0.383225	7.764495
10.650000	0.383970	7.779918
10.660000	0.384723	7.795326
10.670000	0.385483	7.810719
10.680000	0.386251	7.826096
10.690000	0.387027	7.841458
10.700000	0.387810	7.856804
10.710000	0.388602	7.872134
10.720000	0.389401	7.887448
10.730000	0.390209	7.902747
10.740000	0.391025	7.918028
10.750000	0.391850	7.933293
10.760000	0.392683	7.948541
10.770000	0.393525	7.963773
10.780000	0.394376	7.978987
10.790000	0.395236	7.994183
10.800000	0.396105	8.009362
10.810000	0.396983	8.024522
10.820000	0.397871	8.039665
10.830000	0.398768	8.054789
10.840000	0.399675	8.069894
10.850000	0.400592	8.084981
10.860000	0.401519	8.100048
10.870000	0.402456	8.115096
10.880000	0.403404	8.130123
10.890000	0.404362	8.145131
10.900000	0.405331	8.160118
10.910000	0.406311	8.175085
10.920000	0.407302	8.190031
10.930000	0.408305	8.204955
10.940000	0.409319	8.219858
10.950000	0.410345	8.234738
10.960000	0.411384	8.249597
10.970000	0.412434	8.264432
10.980000	0.413498	8.279244
10.990000	0.414574	8.294033
11.000000	0.415663	8.308799
11.010000	0.416765	8.323539
11.020000	0.417882	8.338255
11.030000	0.419012	8.352947
11.040000	0.420156	8.367612
11.050000	0.421315	8.382251
11.060000	0.422489	8.396865
11.070000	0.423678	8.411451
11.080000	0.424882	8.426009
11.090000	0.426103	8.440540
11.100000	0.427340	8.455042
11.110000	0.428593	8.469515
11.120000	0.429863	8.483959
11.130000	0.431151	8.498373
11.140000	0.432457	8.512756
11.150000	0.433781	8.527107
11.160000	0.435123	8.541427
11.170000	0.436485	8.555714
11.180000	0.437867	8.569967
11.190000	0.439268	8.584187
11.200000	0.440691	8.598372
11.210000	0.442134	8.612522
11.220000	0.443599	8.626635
11.230000	0.445087	8.640711
11.240000	0.446597	8.654750
11.250000	0.448131	8.668750
11.260000	0.449690	8.682710
11.270000	0.451273	8.696631
11.280000	0.452881	8.710509
11.290000	0.454516	8.724345
11.300000	0.456178	8.738138
11.310000	0.457868	8.751887
11.320000	0.459586	8.765590
11.330000	0.461334	8.779246
11.340000	0.463112	8.792855
11.350000	0.464921	8.806415
11.360000	0.466763	8.819924
11.370000	0.468638	8.833381
11.380000	0.470546	8.846786
11.390000	0.472491	8.860136
11.400000	0.474472	8.873431
11.410000	0.476490	8.886668
11.420000	0.478547	8.899845
11.430000	0.480645	8.912962
11.440000	0.482784	8.926017
11.450000	0.484966	8.939007
11.460000	0.487193	8.951931
11.470000	0.489465	8.964786
11.480000	0.491785	8.977571
11.490000	0.494155	8.990284
11.500000	0.496576	9.002921
11.510000	0.499050	9.015481
11.520000	0.501579	9.027962
11.530000	0.504166	9.040360
11.540000	0.506811	9.052672
11.550000	0.509519	9.064896
11.560000	0.512291	9.077029
11.570000	0.515129	9.089068
11.580000	0.518038	9.101008
11.590000	0.521018	9.112847
11.600000	0.524075	9.124581
11.610000	0.527210	9.136205
11.620000	0.530427	9.147716
11.630000	0.533730	9.159108
11.640000	0.537123	9.170378
11.650000	0.540610	9.181520
11.660000	0.544195	9.192529
11.670000	0.547883	9.203399
11.680000	0.551679	9.214124
11.690000	0.555587	9.224699
11.700000	0.559615	9.235115
11.710000	0.563767	9.245367
11.720000	0.568051	9.255446
11.730000	0.572472	9.265343
11.740000	0.577039	9.275052
11.750000	0.581760	9.284561
11.760000	0.586642	9.293861
11.770000	0.591696	9.302941
11.780000	0.596930	9.311790
11.790000	0.602356	9.320395
11.800000	0.607985	9.328742
11.810000	0.613829	9.336818
11.820000	0.619903	9.344606
11.830000	0.626220	9.352090
11.840000	0.632797	9.359251
11.850000	0.639650	9.366069
11.860000	0.646800	9.372523
11.870000	0.654266	9.378589
11.880000	0.662071	9.384242
11.890000	0.670240	9.389452
11.900000	0.678800	9.394189
11.910000	0.687782	9.398420
11.920000	0.697218	9.402106
11.930000	0.707145	9.405206
11.940000	0.717605	9.407675
11.950000	0.728642	9.409462
11.960000	0.740307	9.410511
11.970000	0.752657	9.410757
11.980000	0.765756	9.410132
11.990000	0.779675	9.408556
12.000000	0.794494	9.405939
12.010000	0.810307	9.402181
12.020000	0.827217	9.397168
12.030000	0.845343	9.390770
12.040000	0.864823	9.382837
12.050000	0.885813	9.373199
12.060000	0.908496	9.361657
12.070000	0.933084	9.347984
12.080000	0.959826	9.331912
12.090000	0.989011	9.313128
12.100000	1.020986	9.291263
12.110000	1.056160	9.265879
12.120000	1.095026	9.236452
12.130000	1.138177	9.202351
12.140000	1.186334	9.162812
12.150000	1.240384	9.116899
12.160000	1.301421	9.063457
12.170000	1.370815	9.001049
12.180000	1.450292	8.927865
12.190000	1.542052	8.841601
12.200000	1.648935	8.739298
12.210000	1.774640	8.617103
12.220000	1.924052	8.469945
12.230000	2.103683	8.291074
12.240000	2.322308	8.071412
12.250000	2.591824	7.798673
12.260000	2.928358	7.456221
12.270000	3.353481	7.021814
12.280000	3.894864	6.466896
12.290000	4.584301	5.758511
12.300000	5.447755	4.869214
12.310000	6.477021	3.805470
12.320000	7.575322	2.662398
12.330000	8.517127	1.664840
12.340000	9.063457	1.053340
12.350000	9.223659	0.822503
12.360000	9.205518	0.768407
12.370000	9.140237	0.761633
12.380000	9.065316	0.765151
12.390000	8.988892	0.770922
12.400000	8.912687	0.777238
12.410000	8.837079	0.783719
12.420000	8.762150	0.790277
12.430000	8.687916	0.796890
12.440000	8.614375	0.803553
12.450000	8.541520	0.810263
12.460000	8.469347	0.817021
12.470000	8.397847	0.823828
12.480000	8.327014	0.830682
12.490000	8.256841	0.837585
12.500000	8.187321	0.844537
12.510000	8.118447	0.851537
12.520000	8.050213	0.858587
12.530000	7.982611	0.865687
12.540000	7.915636	0.872836
12.550000	7.849280	0.880035
12.560000	7.783538	0.887285
12.570000	7.718403	0.894584
12.580000	7.653868	0.901935
12.590000	7.589927	0.909337
12.600000	7.526575	0.916790
12.610000	7.463805	0.924295
12.620000	7.401610	0.931852
12.630000	7.339985	0.939460
12.640000	7.278924	0.947121
12.650000	7.218421	0.954835
12.660000	7.158470	0.962602
12.670000	7.099065	0.970422
12.680000	7.040201	0.978296
12.690000	6.981872	0.986223
12.700000	6.924071	0.994205
12.710000	6.866795	1.002240
12.720000	6.810036	1.010331
12.730000	6.753791	1.018476
12.740000	6.698052	1.026677
12.750000	6.642815	1.034933
12.760000	6.588075	1.043245
12.770000	6.533826	1.051614
12.780000	6.480063	1.060038
12.790000	6.426781	1.068520
12.800000	6.373975	1.077058
12.810000	6.321639	1.085654
12.820000	6.269769	1.094308
12.830000	6.218360	1.103019
12.840000	6.167407	1.111789
12.850000	6.116904	1.120617
12.860000	6.066848	1.129505
12.870000	6.017233	1.138451
12.880000	5.968054	1.147457
12.890000	5.919307	1.156524
12.900000	5.870988	1.165650
12.910000	5.823091	1.174837
12.920000	5.775612	1.184085
12.930000	5.728547	1.193395
12.940000	5.681890	1.202766
12.950000	5.635638	1.212199
12.960000	5.589786	1.221694
12.970000	5.544330	1.231252
12.980000	5.499266	1.240873
12.990000	5.454589	1.250558
13.000000	5.410294	1.260306
13.010000	5.366379	1.270119
13.020000	5.322837	1.279996
13.030000	5.279667	1.289939
13.040000	5.236862	1.299947
13.050000	5.194420	1.310020
13.060000	5.152336	1.320160
13.070000	5.110606	1.330366
13.080000	5.069227	1.340640
13.090000	5.028194	1.350981
13.100000	4.987503	1.361389
13.110000	4.947151	1.371866
13.120000	4.907134	1.382412
13.130000	4.867447	1.393027
13.140000	4.828088	1.403712
13.150000	4.789052	1.414467
13.160000	4.750336	1.425292
13.170000	4.711937	1.436189
13.180000	4.673849	1.447157
13.190000	4.636071	1.458197
13.200000	4.598597	1.469309
13.210000	4.561426	1.480495
13.220000	4.524553	1.491754
13.230000	4.487974	1.503087
13.240000	4.451686	1.514495
13.250000	4.415687	1.525978
13.260000	4.379971	1.537536
13.270000	4.344537	1.549171
13.280000	4.309380	1.560882
13.290000	4.274497	1.572671
13.300000	4.239885	1.584538
13.310000	4.205541	1.596484
13.320000	4.171461	1.608508
13.330000	4.137642	1.620613
13.340000	4.104081	1.632797
13.350000	4.070774	1.645063
13.360000	4.037719	1.657411
13.370000	4.004912	1.669840
13.380000	3.972350	1.682353
13.390000	3.940030	1.694950
13.400000	3.907949	1.707631
13.410000	3.876104	1.720396
13.420000	3.844491	1.733248
13.430000	3.813108	1.746187
13.440000	3.781951	1.759212
13.450000	3.751018	1.772326
13.460000	3.720305	1.785529
13.470000	3.689809	1.798821
13.480000	3.659529	1.812204
13.490000	3.629459	1.825678
13.500000	3.599599	1.839244
13.510000	3.569944	1.852903
13.520000	3.540491	1.866656
13.530000	3.511239	1.880503
13.540000	3.482183	1.894447
13.550000	3.453321	1.908486
13.560000	3.424651	1.922624
13.570000	3.396169	1.936859
13.580000	3.367872	1.951195
13.590000	3.339757	1.965630
13.600000	3.311823	1.980167
13.610000	3.284065	1.994807
13.620000	3.256482	2.009550
13.630000	3.229069	2.024397
13.640000	3.201825	2.039350
13.650000	3.174747	2.054410
13.660000	3.147832	2.069578
13.670000	3.121076	2.084855
13.680000	3.094479	2.100242
13.690000	3.068035	2.115741
13.700000	3.041744	2.131352
13.710000	3.015601	2.147077
13.720000	2.989605	2.162917
13.730000	2.963753	2.178874
13.740000	2.938041	2.194948
13.750000	2.912467	2.211141
13.760000	2.887029	2.227454
13.770000	2.861724	2.243889
13.780000	2.836549	2.260448
13.790000	2.811500	2.277130
13.800000	2.786577	2.293939
13.810000	2.761775	2.310874
13.820000	2.737093	2.327939
13.830000	2.712527	2.345134
13.840000	2.688076	2.362460
13.850000	2.663735	2.379920
13.860000	2.639503	2.397515
13.870000	2.615377	2.415246
13.880000	2.591355	2.433115
13.890000	2.567433	2.451123
13.900000	2.543609	2.469272
13.910000	2.519881	2.487564
13.920000	2.496246	2.506001
13.930000	2.472701	2.524583
13.940000	2.449244	2.543313
13.950000	2.425873	2.562191
13.960000	2.402584	2.581221
13.970000	2.379376	2.600403
13.980000	2.356246	2.619740
13.990000	2.333192	2.639232
14.000000	2.310211	2.658881
14.010000	2.287300	2.678689
14.020000	2.264458	2.698658
14.030000	2.241683	2.718789
14.040000	2.218971	2.739084
14.050000	2.196321	2.759544
14.060000	2.173731	2.780171
14.070000	2.151199	2.800966
14.080000	2.128722	2.821931
14.090000	2.106299	2.843067
14.100000	2.083927	2.864375
14.110000	2.061606	2.885857
14.120000	2.039333	2.907515
14.130000	2.017106	2.929348
14.140000	1.994925	2.951358
14.150000	1.972786	2.973547
14.160000	1.950691	2.995915
14.170000	1.928636	3.018463
14.180000	1.906621	3.041192
14.190000	1.884645	3.064102
14.200000	1.862706	3.087194
14.210000	1.840805	3.110467
14.220000	1.818941	3.133924
14.230000	1.797113	3.157562
14.240000	1.775321	3.181383
14.250000	1.753565	3.205386
14.260000	1.731845	3.229570
14.270000	1.710162	3.253935
14.280000	1.688515	3.278480
14.290000	1.666906	3.303204
14.300000	1.645336	3.328105
14.310000	1.623805	3.353183
14.320000	1.602316	3.378434
14.330000	1.580869	3.403858
14.340000	1.559467	3.429451
14.350000	1.538111	3.455212
14.360000	1.516805	3.481137
14.370000	1.495551	3.507223
14.380000	1.474352	3.533466
14.390000	1.453212	3.559863
14.400000	1.432133	3.586410
14.410000	1.411120	3.613102
14.420000	1.390176	3.639934
14.430000	1.369307	3.666901
14.440000	1.348517	3.693998
14.450000	1.327811	3.721219
14.460000	1.307194	3.748558
14.470000	1.286672	3.776008
14.480000	1.266251	3.803562
14.490000	1.245937	3.831214
14.500000	1.225737	3.858955
14.510000	1.205656	3.886778
14.520000	1.185702	3.914676
14.530000	1.165882	3.942639
14.540000	1.146203	3.970659
14.550000	1.126672	3.998728
14.560000	1.107298	4.026835
14.570000	1.088087	4.054973
14.580000	1.069049	4.083131
14.590000	1.050189	4.111299
14.600000	1.031518	4.139469
14.610000	1.013041	4.167630
14.620000	0.994769	4.195773
14.630000	0.976707	4.223887
14.640000	0.958864	4.251962
14.650000	0.941249	4.279989
14.660000	0.923867	4.307958
14.670000	0.906728	4.335859
14.680000	0.889837	4.363683
14.690000	0.873202	4.391419
14.700000	0.856830	4.419059
14.710000	0.840726	4.446595
14.720000	0.824897	4.474016
14.730000	0.809349	4.501315
14.740000	0.794087	4.528484
14.750000	0.779116	4.555515
14.760000	0.764439	4.582400
14.770000	0.750062	4.609132
14.780000	0.735988	4.635706
14.790000	0.722219	4.662115
14.800000	0.708760	4.688352
14.810000	0.695610	4.714414
14.820000	0.682773	4.740295
14.830000	0.670250	4.765991
14.840000	0.658040	4.791498
14.850000	0.646145	4.816813
14.860000	0.634564	4.841932
14.870000	0.623296	4.866855
14.880000	0.612340	4.891578
14.890000	0.601694	4.916100
14.900000	0.591356	4.940421
14.910000	0.581325	4.964539
14.920000	0.571596	4.988455
14.930000	0.562167	5.012168
14.940000	0.553033	5.035680
14.950000	0.544192	5.058991
14.960000	0.535639	5.082102
14.970000	0.527368	5.105016
14.980000	0.519377	5.127734
14.990000	0.511659	5.150258
15.000000	0.504209	5.172591
15.010000	0.497023	5.194735
15.020000	0.490094	5.216694
15.030000	0.483416	5.238471
15.040000	0.476985	5.260068
15.050000	0.470793	5.281490
15.060000	0.464836	5.302739
15.070000	0.459107	5.323820
15.080000	0.453600	5.344736
15.090000	0.448309	5.365491
15.100000	0.443228	5.386089
15.110000	0.438351	5.406534
15.120000	0.433671	5.426829
15.130000	0.429184	5.446980
15.140000	0.424882	5.466990
15.150000	0.420761	5.486862
15.160000	0.416814	5.506602
15.170000	0.413036	5.526212
15.180000	0.409421	5.545697
15.190000	0.405963	5.565060
15.200000	0.402657	5.584306
15.210000	0.399499	5.603438
15.220000	0.396482	5.622460
15.230000	0.393602	5.641375
15.240000	0.390853	5.660188
15.250000	0.388232	5.678900
15.260000	0.385733	5.697517
15.270000	0.383352	5.716041
15.280000	0.381084	5.734476
15.290000	0.378925	5.752824
15.300000	0.376871	5.771088
15.310000	0.374918	5.789272
15.320000	0.373062	5.807379
15.330000	0.371300	5.825411
15.340000	0.369627	5.843371
15.350000	0.368040	5.861261
15.360000	0.366536	5.879085
15.370000	0.365112	5.896844
15.380000	0.363764	5.914541
15.390000	0.362489	5.932178
15.400000	0.361285	5.949757
15.410000	0.360148	5.967281
15.420000	0.359076	5.984752
15.430000	0.358066	6.002170
15.440000	0.357117	6.019540
15.450000	0.356224	6.036861
15.460000	0.355387	6.054136
15.470000	0.354602	6.071367
15.480000	0.353868	6.088555
15.490000	0.353183	6.105701
15.500000	0.352545	6.122808
15.510000	0.351951	6.139876
15.520000	0.351400	6.156907
15.530000	0.350891	6.173903
15.540000	0.350421	6.190863
15.550000	0.349990	6.207791
15.560000	0.349595	6.224686
15.570000	0.349235	6.241550
15.580000	0.348908	6.258384
15.590000	0.348614	6.275189
15.600000	0.348352	6.291965
15.610000	0.348119	6.308715
15.620000	0.347915	6.325438
15.630000	0.347738	6.342135
15.640000	0.347588	6.358808
15.650000	0.347463	6.375456
15.660000	0.347364	6.392082
15.670000	0.347287	6.408684
15.680000	0.347234	6.425265
15.690000	0.347202	6.441824
15.700000	0.347191	6.458363
15.710000	0.347201	6.474881
15.720000	0.347230	6.491380
15.730000	0.347279	6.507860
15.740000	0.347345	6.524320
15.750000	0.347429	6.540763
15.760000	0.347530	6.557188
15.770000	0.347647	6.573595
15.780000	0.347780	6.589986
15.790000	0.347928	6.606360
15.800000	0.348091	6.622718
15.810000	0.348268	6.639059
15.820000	0.348459	6.655386
15.830000	0.348664	6.671697
15.840000	0.348881	6.687992
15.850000	0.349111	6.704274
15.860000	0.349354	6.720540
15.870000	0.349608	6.736793
15.880000	0.349873	6.753031
15.890000	0.350150	6.769256
15.900000	0.350437	6.785467
15.910000	0.350735	6.801665
15.920000	0.351043	6.817849
15.930000	0.351362	6.834020
15.940000	0.351690	6.850179
15.950000	0.352027	6.866324
15.960000	0.352374	6.882457
15.970000	0.352730	6.898578
15.980000	0.353095	6.914686
15.990000	0.353468	6.930781
16.000000	0.353850	6.946865
16.010000	0.354240	6.962936
16.020000	0.354638	6.978995
16.030000	0.355045	6.995043
16.040000	0.355459	7.011078
16.050000	0.355881	7.027102
16.060000	0.356310	7.043113
16.070000	0.356747	7.059113
16.080000	0.357191	7.075102
16.090000	0.357643	7.091078
16.100000	0.358101	7.107043
16.110000	0.358567	7.122996
16.120000	0.359040	7.138938
16.130000	0.359519	7.154868
16.140000	0.360006	7.170786
16.150000	0.360499	7.186693
16.160000	0.360999	7.202588
16.170000	0.361505	7.218472
16.180000	0.362018	7.234344
16.190000	0.362538	7.250204
16.200000	0.363064	7.266052
16.210000	0.363597	7.281889
16.220000	0.364136	7.297714
16.230000	0.364682	7.313527
16.240000	0.365233	7.329328
16.250000	0.365792	7.345118
16.260000	0.366356	7.360895
16.270000	0.366928	7.376660
16.280000	0.367505	7.392414
16.290000	0.368089	7.408155
16.300000	0.368679	7.423884
16.310000	0.369275	7.439600
16.320000	0.369878	7.455305
16.330000	0.370488	7.470997
16.340000	0.371103	7.486676
16.350000	0.371726	7.502343
16.360000	0.372354	7.517997
16.370000	0.372990	7.533638
16.380000	0.373631	7.549267
16.390000	0.374280	7.564882
16.400000	0.374934	7.580484
16.410000	0.375596	7.596073
16.420000	0.376264	7.611649
16.430000	0.376939	7.627211
16.440000	0.377621	7.642760
16.450000	0.378310	7.658295
16.460000	0.379006	7.673816
16.470000	0.379708	7.689324
16.480000	0.380418	7.704817
16.490000	0.381135	7.720296
16.500000	0.381859	7.735761
16.510000	0.382590	7.751211
16.520000	0.383329	7.766646
16.530000	0.384075	7.782067
16.540000	0.384828	7.797473
16.550000	0.385590	7.812863
16.560000	0.386358	7.828238
16.570000	0.387135	7.843598
16.580000	0.387920	7.858942
16.590000	0.388713	7.874270
16.600000	0.389513	7.889582
16.610000	0.390322	7.904878
16.620000	0.391140	7.920157
16.630000	0.391966	7.935420
16.640000	0.392800	7.950666
16.650000	0.393644	7.965894
16.660000	0.394496	7.981106
16.670000	0.395357	7.996300
16.680000	0.396227	8.011476
16.690000	0.397106	8.026634
16.700000	0.397995	8.041774
16.710000	0.398894	8.056896
16.720000	0.399802	8.071999
16.730000	0.400721	8.087082
16.740000	0.401649	8.102147
16.750000	0.402588	8.117192
16.760000	0.403537	8.132217
16.770000	0.404496	8.147222
16.780000	0.405467	8.162206
16.790000	0.406448	8.177170
16.800000	0.407441	8.192112
16.810000	0.408446	8.207034
16.820000	0.409462	8.221933
16.830000	0.410489	8.236811
16.840000	0.411529	8.251666
16.850000	0.412582	8.266498
16.860000	0.413647	8.281307
16.870000	0.414725	8.296093
16.880000	0.415816	8.310855
16.890000	0.416920	8.325592
16.900000	0.418038	8.340305
16.910000	0.419170	8.354992
16.920000	0.420317	8.369654
16.930000	0.421478	8.384290
16.940000	0.422654	8.398899
16.950000	0.423845	8.413482
16.960000	0.425052	8.428036
16.970000	0.426274	8.442563
16.980000	0.427513	8.457062
16.990000	0.428769	8.471531
17.000000	0.430042	8.485970
17.010000	0.431332	8.500380
17.020000	0.432640	8.514758
17.030000	0.433967	8.529105
17.040000	0.435312	8.543420
17.050000	0.436677	8.557703
17.060000	0.438061	8.571952
17.070000	0.439465	8.586166
17.080000	0.440891	8.600347
17.090000	0.442337	8.614491
17.100000	0.443805	8.628599
17.110000	0.445296	8.642671
17.120000	0.446810	8.656704
17.130000	0.448347	8.670698
17.140000	0.449909	8.684653
17.150000	0.451495	8.698568
17.160000	0.453108	8.712440
17.170000	0.454746	8.726271
17.180000	0.456412	8.740058
17.190000	0.458106	8.753800
17.200000	0.459828	8.767497
17.210000	0.461580	8.781146
17.220000	0.463362	8.794748
17.230000	0.465176	8.808301
17.240000	0.467022	8.821803
17.250000	0.468902	8.835253
17.260000	0.470815	8.848650
17.270000	0.472765	8.861993
17.280000	0.474751	8.875279
17.290000	0.476774	8.888508
17.300000	0.478837	8.901677
17.310000	0.480941	8.914786
17.320000	0.483086	8.927831
17.330000	0.485274	8.940812
17.340000	0.487507	8.953727
17.350000	0.489786	8.966573
17.360000	0.492113	8.979348
17.370000	0.494489	8.992050
17.380000	0.496918	9.004677
17.390000	0.499399	9.017226
17.400000	0.501936	9.029695
17.410000	0.504531	9.042081
17.420000	0.507185	9.054382
17.430000	0.509901	9.066593
17.440000	0.512682	9.078713
17.450000	0.515531	9.090738
17.460000	0.518449	9.102665
17.470000	0.521440	9.114489
17.480000	0.524507	9.126208
17.490000	0.527653	9.137816
17.500000	0.530882	9.149311
17.510000	0.534198	9.160687
17.520000	0.537604	9.171939
17.530000	0.541104	9.183063
17.540000	0.544703	9.194052
17.550000	0.548405	9.204903
17.560000	0.552217	9.215608
17.570000	0.556142	9.226160
17.580000	0.560186	9.236554
17.590000	0.564356	9.246782
17.600000	0.568659	9.256836
17.610000	0.573100	9.266708
17.620000	0.577688	9.276389
17.630000	0.582431	9.285870
17.640000	0.587336	9.295140
17.650000	0.592414	9.304189
17.660000	0.597674	9.313004
17.670000	0.603128	9.321574
17.680000	0.608786	9.329885
17.690000	0.614662	9.337921
17.700000	0.620768	9.345668
17.710000	0.627121	9.353108
17.720000	0.633735	9.360223
17.730000	0.640629	9.366991
17.740000	0.647821	9.373393
17.750000	0.655333	9.379403
17.760000	0.663187	9.384995
17.770000	0.671409	9.390142
17.780000	0.680026	9.394810
17.790000	0.689069	9.398967
17.800000	0.698571	9.402574
17.810000	0.708570	9.405590
17.820000	0.719107	9.407967
17.830000	0.730229	9.409654
17.840000	0.741986	9.410595
17.850000	0.754437	9.410724
17.860000	0.767645	9.409971
17.870000	0.781684	9.408256
17.880000	0.796637	9.405486
17.890000	0.812596	9.401561
17.900000	0.829668	9.396363
17.910000	0.847974	9.389760
17.920000	0.867654	9.381600
17.930000	0.888869	9.371709
17.940000	0.911804	9.359885
17.950000	0.936677	9.345894
17.960000	0.963740	9.329464
17.970000	0.993293	9.310274
17.980000	1.025687	9.287947
17.990000	1.061345	9.262033
18.000000	1.100769	9.231994
18.010000	1.144571	9.197185
18.020000	1.193493	9.156818
18.030000	1.248445	9.109930
18.040000	1.310558	9.055332
18.050000	1.381245	8.991540
18.060000	1.462289	8.916684
18.070000	1.555971	8.828379
18.080000	1.665232	8.723558
18.090000	1.793917	8.598220
18.100000	1.947107	8.447092
18.110000	2.131586	8.263141
18.120000	2.356509	8.036903
18.130000	2.634288	7.755559
18.140000	2.981740	7.401764
18.150000	3.421275	6.952412
18.160000	3.981361	6.378113
18.170000	4.693861	5.645799
18.180000	5.582254	4.730468
18.190000	6.629761	3.647138
18.200000	7.722433	2.508168
18.210000	8.620409	1.552968
18.220000	9.104809	1.002364
18.230000	9.227359	0.808765
18.240000	9.197787	0.766064
18.250000	9.130049	0.761824
18.260000	9.054685	0.765888
18.270000	8.978241	0.771785
18.280000	8.902108	0.778135
18.290000	8.826593	0.784630
18.300000	8.751760	0.791196
18.310000	8.677623	0.797816
18.320000	8.604178	0.804485
18.330000	8.531419	0.811202
18.340000	8.459340	0.817967
18.350000	8.387933	0.824780
18.360000	8.317193	0.831641
18.370000	8.247111	0.838551
18.380000	8.177681	0.845510
18.390000	8.108897	0.852517
18.400000	8.040751	0.859574
18.410000	7.973237	0.866680
18.420000	7.906349	0.873836
18.430000	7.840079	0.881043
18.440000	7.774422	0.888299
18.450000	7.709371	0.895606
18.460000	7.644919	0.902964
18.470000	7.581061	0.910373
18.480000	7.517790	0.917833
18.490000	7.455100	0.925345
18.500000	7.392985	0.932909
18.510000	7.331439	0.940525
18.520000	7.270457	0.948194
18.530000	7.210031	0.955915
18.540000	7.150156	0.963689
18.550000	7.090827	0.971516
18.560000	7.032038	0.979398
18.570000	6.973783	0.987332
18.580000	6.916056	0.995321
18.590000	6.858852	1.003365
18.600000	6.802165	1.011463
18.610000	6.745990	1.019616
18.620000	6.690322	1.027825
18.630000	6.635155	1.036089
18.640000	6.580483	1.044409
18.650000	6.526302	1.052785
18.660000	6.472607	1.061217
18.670000	6.419391	1.069707
18.680000	6.366651	1.078253
18.690000	6.314381	1.086857
18.700000	6.262575	1.095518
18.710000	6.211230	1.104238
18.720000	6.160340	1.113016
18.730000	6.109900	1.121853
18.740000	6.059905	1.130748
18.750000	6.010351	1.139703
18.760000	5.961233	1.148718
18.770000	5.912546	1.157792
18.780000	5.864286	1.166927
18.790000	5.816447	1.176123
18.800000	5.769026	1.185379
18.810000	5.722018	1.194697
18.820000	5.675418	1.204077
18.830000	5.629223	1.213518
18.840000	5.583426	1.223022
18.850000	5.538025	1.232589
18.860000	5.493015	1.242219
18.870000	5.448391	1.251913
18.880000	5.404150	1.261670
18.890000	5.360287	1.271492
18.900000	5.316797	1.281379
18.910000	5.273678	1.291330
18.920000	5.230924	1.301347
18.930000	5.188532	1.311430
18.940000	5.146498	1.321579
18.950000	5.104817	1.331794
18.960000	5.063486	1.342077
18.970000	5.022501	1.352428
18.980000	4.981858	1.362846
18.990000	4.941553	1.373332
19.000000	4.901582	1.383888
19.010000	4.861941	1.394513
19.020000	4.822627	1.405207
19.030000	4.783636	1.415972
19.040000	4.744965	1.426807
19.050000	4.706609	1.437713
19.060000	4.668565	1.448691
19.070000	4.630829	1.459741
19.080000	4.593398	1.470864
19.090000	4.556268	1.482060
19.100000	4.519436	1.493329
19.110000	4.482898	1.504673
19.120000	4.446651	1.516091
19.130000	4.410691	1.527584
19.140000	4.375015	1.539153
19.150000	4.339619	1.550799
19.160000	4.304501	1.562521
19.170000	4.269656	1.574321
19.180000	4.235082	1.586199
19.190000	4.200775	1.598155
19.200000	4.166731	1.610191
19.210000	4.132948	1.622306
19.220000	4.099423	1.634502
19.230000	4.066151	1.646779
19.240000	4.033131	1.659138
19.250000	4.000358	1.671580
19.260000	3.967830	1.684104
19.270000	3.935544	1.696712
19.280000	3.903496	1.709405
19.290000	3.871683	1.722183
19.300000	3.840102	1.735047
19.310000	3.808751	1.747997
19.320000	3.777625	1.761035
19.330000	3.746723	1.774161
19.340000	3.716041	1.787376
19.350000	3.685576	1.800681
19.360000	3.655324	1.814076
19.370000	3.625284	1.827563
19.380000	3.595453	1.841142
19.390000	3.565826	1.854814
19.400000	3.536402	1.868580
19.410000	3.507177	1.882441
19.420000	3.478148	1.896398
19.430000	3.449313	1.910451
19.440000	3.420669	1.924602
19.450000	3.392213	1.938852
19.460000	3.363942	1.953201
19.470000	3.335853	1.967651
19.480000	3.307943	1.982202
19.490000	3.280210	1.996856
19.500000	3.252650	2.011613
19.510000	3.225261	2.026475
19.520000	3.198041	2.041443
19.530000	3.170985	2.056518
19.540000	3.144093	2.071701
19.550000	3.117359	2.086994
19.560000	3.090783	2.102396
19.570000	3.064361	2.117910
19.580000	3.038091	2.133537
19.590000	3.011969	2.149278
19.600000	2.985993	2.165134
19.610000	2.960160	2.181107
19.620000	2.934468	2.197198
19.630000	2.908913	2.213408
19.640000	2.883494	2.229738
19.650000	2.858207	2.246190
19.660000	2.833049	2.262766
19.670000	2.808019	2.279466
19.680000	2.783112	2.296292
19.690000	2.758328	2.313245
19.700000	2.733662	2.330328
19.710000	2.709112	2.347541
19.720000	2.684676	2.364886
19.730000	2.660351	2.382365
19.740000	2.636134	2.399978
19.750000	2.612022	2.417728
19.760000	2.588014	2.435616
19.770000	2.564106	2.453644
19.780000	2.540296	2.471813
19.790000	2.516581	2.490126
19.800000	2.492958	2.508582
19.810000	2.469426	2.527185
19.820000	2.445981	2.545935
19.830000	2.422622	2.564835
19.840000	2.399344	2.583886
19.850000	2.376147	2.603090
19.860000	2.353028	2.622447
19.870000	2.329984	2.641961
19.880000	2.307013	2.661633
19.890000	2.284112	2.681463
19.900000	2.261279	2.701455
19.910000	2.238513	2.721609
19.920000	2.215810	2.741926
19.930000	2.193169	2.762409
19.940000	2.170587	2.783060
19.950000	2.148062	2.803878
19.960000	2.125593	2.824867
19.970000	2.103177	2.846027
19.980000	2.080813	2.867359
19.990000	2.058498	2.888866
20.000000	2.036232	2.910548
20.010000	2.014011	2.932406
20.020000	1.991836	2.954441
20.030000	1.969704	2.976655
20.040000	1.947614	2.999048
20.050000	1.925565	3.021621
20.060000	1.903555	3.044375
20.070000	1.881584	3.067310
20.080000	1.859651	3.090427
20.090000	1.837755	3.113726
20.100000	1.815896	3.137208
20.110000	1.794073	3.160872
20.120000	1.772286	3.184718
20.130000	1.750535	3.208746
20.140000	1.728821	3.232956
20.150000	1.707142	3.257346
20.160000	1.685501	3.281916
20.170000	1.663897	3.306664
20.180000	1.642332	3.331590
20.190000	1.620807	3.356692
20.200000	1.599323	3.381968
20.210000	1.577883	3.407415
20.220000	1.556487	3.433032
20.230000	1.535138	3.458816
20.240000	1.513839	3.484763
20.250000	1.492593	3.510872
20.260000	1.471402	3.537137
20.270000	1.450270	3.563555
20.280000	1.429200	3.590122
20.290000	1.408196	3.616834
20.300000	1.387263	3.643685
20.310000	1.366404	3.670671
20.320000	1.345626	3.697786
20.330000	1.324932	3.725023
20.340000	1.304328	3.752378
20.350000	1.283820	3.779843
20.360000	1.263413	3.807411
20.370000	1.243114	3.835076
20.380000	1.222930	3.862829
20.390000	1.202866	3.890663
20.400000	1.182931	3.918570
20.410000	1.163130	3.946542
20.420000	1.143471	3.974569
20.430000	1.123962	4.002644
20.440000	1.104610	4.030756
20.450000	1.085423	4.058897
20.460000	1.066409	4.087057
20.470000	1.047575	4.115226
20.480000	1.028930	4.143396
20.490000	1.010482	4.171555
20.500000	0.992238	4.199694
20.510000	0.974206	4.227803
20.520000	0.956395	4.255872
20.530000	0.938811	4.283892
20.540000	0.921463	4.311852
20.550000	0.904358	4.339743
20.560000	0.887503	4.367554
20.570000	0.870904	4.395278
20.580000	0.854569	4.422904
20.590000	0.838503	4.450424
20.600000	0.822713	4.477829
20.610000	0.807205	4.505111
20.620000	0.791983	4.532260
20.630000	0.777052	4.559271
20.640000	0.762417	4.586136
20.650000	0.748082	4.612846
20.660000	0.734050	4.639398
20.670000	0.720325	4.665783
20.680000	0.706908	4.691996
20.690000	0.693802	4.718033
20.700000	0.681009	4.743888
20.710000	0.668529	4.769558
20.720000	0.656363	4.795038
20.730000	0.644512	4.820326
20.740000	0.632974	4.845419
20.750000	0.621750	4.870313
20.760000	0.610837	4.895008
20.770000	0.600234	4.919503
20.780000	0.589940	4.943795
20.790000	0.579950	4.967885
20.800000	0.570263	4.991772
20.810000	0.560876	5.015458
20.820000	0.551783	5.038941
20.830000	0.542982	5.062224
20.840000	0.534469	5.085308
20.850000	0.526238	5.108194
20.860000	0.518285	5.130885
20.870000	0.510604	5.153382
20.880000	0.503192	5.175689
20.890000	0.496041	5.197807
20.900000	0.489148	5.219741
20.910000	0.482505	5.241492
20.920000	0.476107	5.263065
20.930000	0.469949	5.284462
20.940000	0.464024	5.305688
20.950000	0.458326	5.326745
20.960000	0.452850	5.347638
20.970000	0.447588	5.368371
20.980000	0.442536	5.388948
20.990000	0.437687	5.409372
21.000000	0.433034	5.429647
21.010000	0.428573	5.449778
21.020000	0.424297	5.469768
21.030000	0.420201	5.489622
21.040000	0.416277	5.509343
21.050000	0.412522	5.528935
21.060000	0.408929	5.548403
21.070000	0.405493	5.567750
21.080000	0.402208	5.586980
21.090000	0.399070	5.606096
21.100000	0.396072	5.625103
21.110000	0.393211	5.644004
21.120000	0.390481	5.662802
21.130000	0.387876	5.681501
21.140000	0.385394	5.700105
21.150000	0.383029	5.718616
21.160000	0.380776	5.737038
21.170000	0.378632	5.755375
21.180000	0.376593	5.773628
21.190000	0.374654	5.791801
21.200000	0.372811	5.809897
21.210000	0.371061	5.827919
21.220000	0.369401	5.845869
21.230000	0.367826	5.863750
21.240000	0.366333	5.881564
21.250000	0.364919	5.899314
21.260000	0.363582	5.917003
21.270000	0.362317	5.934632
21.280000	0.361122	5.952203
21.290000	0.359995	5.969720
21.300000	0.358932	5.987183
21.310000	0.357931	6.004595
21.320000	0.356989	6.021957
21.330000	0.356104	6.039272
21.340000	0.355274	6.056541
21.350000	0.354497	6.073765
21.360000	0.353770	6.090947
21.370000	0.353091	6.108088
21.380000	0.352459	6.125189
21.390000	0.351872	6.142252
21.400000	0.351327	6.159278
21.410000	0.350823	6.176269
21.420000	0.350359	6.193225
21.430000	0.349932	6.210148
21.440000	0.349542	6.227039
21.450000	0.349187	6.243898
21.460000	0.348865	6.260728
21.470000	0.348576	6.277529
21.480000	0.348317	6.294302
21.490000	0.348089	6.311047
21.500000	0.347888	6.327767
21.510000	0.347715	6.344461
21.520000	0.347569	6.361130
21.530000	0.347448	6.377775
21.540000	0.347351	6.394397
21.550000	0.347278	6.410997
21.560000	0.347228	6.427575
21.570000	0.347199	6.444131
21.580000	0.347192	6.460667
21.590000	0.347204	6.477182
21.600000	0.347236	6.493678
21.610000	0.347287	6.510155
21.620000	0.347356	6.526614
21.630000	0.347442	6.543054
21.640000	0.347545	6.559476
21.650000	0.347664	6.575881
21.660000	0.347800	6.592269
21.670000	0.347950	6.608641
21.680000	0.348115	6.624997
21.690000	0.348294	6.641336
21.700000	0.348487	6.657660
21.710000	0.348693	6.673969
21.720000	0.348913	6.690263
21.730000	0.349144	6.706542
21.740000	0.349388	6.722807
21.750000	0.349644	6.739057
21.760000	0.349911	6.755294
21.770000	0.350189	6.771517
21.780000	0.350478	6.787726
21.790000	0.350777	6.803922
21.800000	0.351087	6.820104
21.810000	0.351407	6.836274
21.820000	0.351736	6.852430
21.830000	0.352075	6.868574
21.840000	0.352423	6.884705
21.850000	0.352780	6.900824
21.860000	0.353146	6.916930
21.870000	0.353521	6.933024
21.880000	0.353904	6.949106
21.890000	0.354295	6.965175
21.900000	0.354694	6.981233
21.910000	0.355102	6.997279
21.920000	0.355517	7.013312
21.930000	0.355940	7.029334
21.940000	0.356370	7.045344
21.950000	0.356808	7.061343
21.960000	0.357254	7.077329
21.970000	0.357706	7.093304
21.980000	0.358166	7.109268
21.990000	0.358633	7.125219
22.000000	0.359106	7.141159
22.010000	0.359587	7.157088
22.020000	0.360074	7.173005
22.030000	0.360568	7.188910
22.040000	0.361069	7.204803
22.050000	0.361576	7.220685
22.060000	0.362090	7.236555
22.070000	0.362611	7.252414
22.080000	0.363138	7.268261
22.090000	0.363672	7.284096
22.100000	0.364212	7.299919
22.110000	0.364758	7.315730
22.120000	0.365311	7.331530
22.130000	0.365870	7.347318
22.140000	0.366436	7.363093
22.150000	0.367008	7.378857
22.160000	0.367586	7.394609
22.170000	0.368171	7.410348
22.180000	0.368762	7.426075
22.190000	0.369359	7.441790
22.200000	0.369963	7.457493
22.210000	0.370573	7.473183
22.220000	0.371190	7.488861
22.230000	0.371813	7.504526
22.240000	0.372443	7.520178
22.250000	0.373079	7.535818
22.260000	0.373721	7.551444
22.270000	0.374370	7.567058
22.280000	0.375026	7.582658
22.290000	0.375689	7.598245
22.300000	0.376358	7.613819
22.310000	0.377034	7.629380
22.320000	0.377717	7.644927
22.330000	0.378406	7.660460
22.340000	0.379103	7.675979
22.350000	0.379807	7.691484
22.360000	0.380517	7.706976
22.370000	0.381235	7.722453
22.380000	0.381960	7.737915
22.390000	0.382692	7.753363
22.400000	0.383432	7.768797
22.410000	0.384179	7.784215
22.420000	0.384934	7.799619
22.430000	0.385696	7.815007
22.440000	0.386466	7.830380
22.450000	0.387244	7.845738
22.460000	0.388030	7.861079
22.470000	0.388824	7.876405
22.480000	0.389626	7.891715
22.490000	0.390436	7.907009
22.500000	0.391255	7.922286
22.510000	0.392082	7.937546
22.520000	0.392917	7.952790
22.530000	0.393762	7.968016
22.540000	0.394615	7.983225
22.550000	0.395477	7.998417
22.560000	0.396349	8.013590
22.570000	0.397230	8.028746
22.580000	0.398120	8.043883
22.590000	0.399020	8.059002
22.600000	0.399930	8.074102
22.610000	0.400849	8.089183
22.620000	0.401779	8.104245
22.630000	0.402719	8.119287
22.640000	0.403670	8.134310
22.650000	0.404631	8.149312
22.660000	0.405603	8.164293
22.670000	0.406586	8.179254
22.680000	0.407581	8.194194
22.690000	0.408587	8.209112
22.700000	0.409604	8.224009
22.710000	0.410634	8.238883
22.720000	0.411675	8.253735
22.730000	0.412729	8.268564
22.740000	0.413796	8.283370
22.750000	0.414876	8.298152
22.760000	0.415969	8.312911
22.770000	0.417075	8.327645
22.780000	0.418195	8.342354
22.790000	0.419329	8.357038
22.800000	0.420478	8.371696
22.810000	0.421641	8.386328
22.820000	0.422819	8.400934
22.830000	0.424012	8.415512
22.840000	0.425221	8.430063
22.850000	0.426446	8.444586
22.860000	0.427687	8.459080
22.870000	0.428945	8.473545
22.880000	0.430221	8.487981
22.890000	0.431513	8.502386
22.900000	0.432824	8.516760
22.910000	0.434153	8.531103
22.920000	0.435501	8.545413
22.930000	0.436868	8.559691
22.940000	0.438255	8.573935
22.950000	0.439663	8.588145
22.960000	0.441091	8.602320
22.970000	0.442540	8.616460
22.980000	0.444012	8.630563
22.990000	0.445506	8.644629
23.000000	0.447023	8.658657
23.010000	0.448563	8.672646
23.020000	0.450129	8.686595
23.030000	0.451719	8.700504
23.040000	0.453335	8.714371
23.050000	0.454977	8.728195
23.060000	0.456646	8.741976
23.070000	0.458344	8.755712
23.080000	0.460070	8.769402
23.090000	0.461827	8.783045
23.100000	0.463613	8.796640
23.110000	0.465431	8.810186
23.120000	0.467282	8.823681
23.130000	0.469166	8.837124
23.140000	0.471085	8.850514
23.150000	0.473039	8.863848
23.160000	0.475030	8.877127
23.170000	0.477060	8.890347
23.180000	0.479128	8.903508
23.190000	0.481237	8.916608
23.200000	0.483388	8.929645
23.210000	0.485582	8.942617
23.220000	0.487821	8.955522
23.230000	0.490107	8.968358
23.240000	0.492441	8.981123
23.250000	0.494825	8.993815
23.260000	0.497260	9.006431
23.270000	0.499750	9.018969
23.280000	0.502294	9.031427
23.290000	0.504897	9.043801
23.300000	0.507560	9.056089
23.310000	0.510285	9.068288
23.320000	0.513075	9.080395
23.330000	0.515933	9.092407
23.340000	0.518861	9.104319
23.350000	0.521863	9.116129
23.360000	0.524941	9.127833
23.370000	0.528098	9.139426
23.380000	0.531339	9.150904
23.390000	0.534667	9.162263
23.400000	0.538086	9.173497
23.410000	0.541599	9.184603
23.420000	0.545213	9.195573
23.430000	0.548930	9.206404
23.440000	0.552757	9.217088
23.450000	0.556698	9.227619
23.460000	0.560760	9.237990
23.470000	0.564948	9.248194
23.480000	0.569269	9.258224
23.490000	0.573731	9.268070
23.500000	0.578340	9.277723
23.510000	0.583104	9.287175
23.520000	0.588033	9.296415
23.530000	0.593136	9.305432
23.540000	0.598423	9.314214
23.550000	0.603904	9.322749
23.560000	0.609592	9.331022
23.570000	0.615499	9.339019
23.580000	0.621639	9.346724
23.590000	0.628027	9.354120
23.600000	0.634679	9.361187
23.610000	0.641613	9.367906
23.620000	0.648848	9.374255
23.630000	0.656407	9.380208
23.640000	0.664311	9.385740
23.650000	0.672586	9.390822
23.660000	0.681260	9.395421
23.670000	0.690365	9.399504
23.680000	0.699934	9.403031
23.690000	0.710006	9.405960
23.700000	0.720622	9.408244
23.710000	0.731828	9.409831
23.720000	0.743679	9.410663
23.730000	0.756231	9.410674
23.740000	0.769550	9.409792
23.750000	0.783712	9.407935
23.760000	0.798799	9.405011
23.770000	0.814907	9.400915
23.780000	0.832143	9.395530
23.790000	0.850632	9.388719
23.800000	0.870516	9.380329
23.810000	0.891958	9.370181
23.820000	0.915150	9.358070
23.830000	0.940312	9.343757
23.840000	0.967703	9.326963
23.850000	0.997629	9.307359
23.860000	1.030452	9.284561
23.870000	1.066602	9.258106
23.880000	1.106597	9.227444
23.890000	1.151065	9.191911
23.900000	1.200768	9.150697
23.910000	1.256645	9.102812
23.920000	1.319862	9.047029
23.930000	1.391875	8.981817
23.940000	1.474531	8.905242
23.950000	1.570190	8.814838
23.960000	1.681905	8.707422
23.970000	1.813668	8.578839
23.980000	1.970766	8.423604
23.990000	2.160271	8.234392
24.000000	2.391729	8.001331
24.010000	2.678097	7.711046
24.020000	3.036901	7.345461
24.030000	3.491404	6.880589
24.040000	4.070828	6.286251
24.050000	4.806897	5.529474
24.060000	5.720000	4.588302
24.070000	6.783619	3.487483
24.080000	7.865781	2.357484
24.090000	8.715106	1.449501
24.100000	9.138839	0.958618
24.110000	9.228354	0.797715
24.120000	9.189439	0.764346
24.130000	9.119742	0.762149
24.140000	9.044039	0.766654
24.150000	8.967598	0.772655
24.160000	8.891542	0.779035
24.170000	8.816120	0.785542
24.180000	8.741384	0.792116
24.190000	8.667343	0.798743
24.200000	8.593994	0.805419
24.210000	8.521330	0.812142
24.220000	8.449345	0.818914
24.230000	8.378032	0.825734
24.240000	8.307384	0.832602
24.250000	8.237394	0.839518
24.260000	8.168054	0.846484
24.270000	8.099359	0.853498
24.280000	8.031302	0.860562
24.290000	7.963876	0.867675
24.300000	7.897074	0.874838
24.310000	7.830890	0.882051
24.320000	7.765318	0.889315
24.330000	7.700350	0.896629
24.340000	7.635982	0.903994
24.350000	7.572206	0.911410
24.360000	7.509016	0.918877
24.370000	7.446407	0.926396
24.380000	7.384372	0.933968
24.390000	7.322905	0.941591
24.400000	7.262000	0.949267
24.410000	7.201651	0.956995
24.420000	7.141853	0.964777
24.430000	7.082600	0.972612
24.440000	7.023885	0.980500
24.450000	6.965704	0.988443
24.460000	6.908050	0.996439
24.470000	6.850919	1.004491
24.480000	6.794304	1.012596
24.490000	6.738200	1.020757
24.500000	6.682602	1.028973
24.510000	6.627504	1.037245
24.520000	6.572901	1.045573
24.530000	6.518788	1.053957
24.540000	6.465160	1.062397
24.550000	6.412011	1.070895
24.560000	6.359336	1.079449
24.570000	6.307131	1.088061
24.580000	6.255390	1.096730
24.590000	6.204109	1.105458
24.600000	6.153282	1.114244
24.610000	6.102904	1.123089
24.620000	6.052971	1.131993
24.630000	6.003478	1.140956
24.640000	5.954420	1.149979
24.650000	5.905793	1.159062
24.660000	5.857592	1.168205
24.670000	5.809812	1.177409
24.680000	5.762449	1.186674
24.690000	5.715498	1.196001
24.700000	5.668955	1.205389
24.710000	5.622815	1.214840
24.720000	5.577074	1.224352
24.730000	5.531727	1.233928
24.740000	5.486771	1.243567
24.750000	5.442201	1.253269
24.760000	5.398013	1.263036
24.770000	5.354202	1.272866
24.780000	5.310764	1.282762
24.790000	5.267696	1.292722
24.800000	5.224993	1.302748
24.810000	5.182651	1.312840
24.820000	5.140666	1.322999
24.830000	5.099035	1.333224
24.840000	5.057752	1.343516
24.850000	5.016815	1.353876
24.860000	4.976219	1.364303
24.870000	4.935961	1.374800
24.880000	4.896036	1.385365
24.890000	4.856441	1.395999
24.900000	4.817173	1.406703
24.910000	4.778226	1.417478
24.920000	4.739599	1.428323
24.930000	4.701287	1.439239
24.940000	4.663286	1.450227
24.950000	4.625593	1.461287
24.960000	4.588204	1.472420
24.970000	4.551116	1.483626
24.980000	4.514325	1.494906
24.990000	4.477828	1.506260
25.000000	4.441621	1.517689
25.010000	4.405701	1.529192
25.020000	4.370064	1.540772
25.030000	4.334707	1.552428
25.040000	4.299627	1.564161
25.050000	4.264820	1.575972
25.060000	4.230283	1.587861
25.070000	4.196013	1.599828
25.080000	4.162006	1.611875
25.090000	4.128259	1.624002
25.100000	4.094770	1.636209
25.110000	4.061533	1.648497
25.120000	4.028548	1.660868
25.130000	3.995809	1.673321
25.140000	3.963315	1.685857
25.150000	3.931062	1.698477
25.160000	3.899047	1.711181
25.170000	3.867267	1.723971
25.180000	3.835718	1.736847
25.190000	3.804398	1.749809
25.200000	3.773304	1.762860
25.210000	3.742433	1.775998
25.220000	3.711781	1.789225
25.230000	3.681346	1.802543
25.240000	3.651124	1.815951
25.250000	3.621113	1.829450
25.260000	3.591310	1.843042
25.270000	3.561712	1.856728
25.280000	3.532316	1.870507
25.290000	3.503118	1.884381
25.300000	3.474117	1.898351
25.310000	3.445309	1.912418
25.320000	3.416691	1.926583
25.330000	3.388261	1.940846
25.340000	3.360015	1.955209
25.350000	3.331951	1.969673
25.360000	3.304066	1.984238
25.370000	3.276358	1.998907
25.380000	3.248822	2.013679
25.390000	3.221457	2.028556
25.400000	3.194259	2.043538
25.410000	3.167227	2.058628
25.420000	3.140356	2.073826
25.430000	3.113645	2.089134
25.440000	3.087091	2.104552
25.450000	3.060690	2.120082
25.460000	3.034440	2.135725
25.470000	3.008339	2.151482
25.480000	2.982383	2.167354
25.490000	2.956570	2.183343
25.500000	2.930897	2.199450
25.510000	2.905362	2.215677
25.520000	2.879961	2.232024
25.530000	2.854692	2.248493
25.540000	2.829553	2.265086
25.550000	2.804539	2.281804
25.560000	2.779650	2.298647
25.570000	2.754882	2.315619
25.580000	2.730233	2.332720
25.590000	2.705699	2.349951
25.600000	2.681278	2.367315
25.610000	2.656968	2.384812
25.620000	2.632766	2.402444
25.630000	2.608669	2.420214
25.640000	2.584675	2.438121
25.650000	2.560781	2.456169
25.660000	2.536984	2.474358
25.670000	2.513282	2.492690
25.680000	2.489673	2.511166
25.690000	2.466153	2.529790
25.700000	2.442720	2.548561
25.710000	2.419372	2.567482
25.720000	2.396106	2.586554
25.730000	2.372920	2.605779
25.740000	2.349811	2.625158
25.750000	2.326777	2.644694
25.760000	2.303816	2.664387
25.770000	2.280925	2.684240
25.780000	2.258102	2.704254
25.790000	2.235344	2.724431
25.800000	2.212650	2.744772
25.810000	2.190017	2.765278
25.820000	2.167444	2.785952
25.830000	2.144927	2.806794
25.840000	2.122465	2.827806
25.850000	2.100057	2.848990
25.860000	2.077699	2.870347
25.870000	2.055391	2.891878
25.880000	2.033131	2.913584
25.890000	2.010917	2.935467
25.900000	1.988748	2.957527
25.910000	1.966622	2.979765
25.920000	1.944538	3.002183
25.930000	1.922494	3.024782
25.940000	1.900490	3.047561
25.950000	1.878524	3.070521
25.960000	1.856597	3.093664
25.970000	1.834706	3.116989
25.980000	1.812852	3.140496
25.990000	1.791034	3.164185
26.000000	1.769252	3.188057
26.010000	1.747506	3.212110
26.020000	1.725796	3.236345
26.030000	1.704123	3.260760
26.040000	1.682487	3.285355
26.050000	1.660889	3.310129
26.060000	1.639329	3.335079
26.070000	1.617810	3.360205
26.080000	1.596332	3.385505
26.090000	1.574897	3.410976
26.100000	1.553508	3.436617
26.110000	1.532166	3.462423
26.120000	1.510874	3.488393
26.130000	1.489636	3.514524
26.140000	1.468452	3.540810
26.150000	1.447329	3.567250
26.160000	1.426268	3.593837
26.170000	1.405273	3.620569
26.180000	1.384350	3.647439
26.190000	1.363503	3.674443
26.200000	1.342736	3.701575
26.210000	1.322054	3.728830
26.220000	1.301463	3.756200
26.230000	1.280969	3.783680
26.240000	1.260577	3.811262
26.250000	1.240294	3.838939
26.260000	1.220126	3.866704
26.270000	1.200080	3.894549
26.280000	1.180162	3.922466
26.290000	1.160381	3.950446
26.300000	1.140742	3.978480
26.310000	1.121255	4.006561
26.320000	1.101925	4.034677
26.330000	1.082762	4.062822
26.340000	1.063772	4.090983
26.350000	1.044965	4.119153
26.360000	1.026347	4.147322
26.370000	1.007926	4.175479
26.380000	0.989711	4.203614
26.390000	0.971710	4.231718
26.400000	0.953930	4.259781
26.410000	0.936379	4.287793
26.420000	0.919064	4.315744
26.430000	0.901993	4.343624
26.440000	0.885173	4.371425
26.450000	0.868611	4.399135
26.460000	0.852313	4.426747
26.470000	0.836285	4.454252
26.480000	0.820534	4.481640
26.490000	0.805065	4.508903
26.500000	0.789884	4.536034
26.510000	0.774994	4.563025
26.520000	0.760401	4.589868
26.530000	0.746108	4.616557
26.540000	0.732118	4.643086
26.550000	0.718436	4.669447
26.560000	0.705062	4.695636
26.570000	0.692000	4.721648
26.580000	0.679250	4.747478
26.590000	0.666814	4.773121
26.600000	0.654692	4.798575
26.610000	0.642885	4.823836
26.620000	0.631391	4.848901
26.630000	0.620210	4.873768
26.640000	0.609341	4.898435
26.650000	0.598781	4.922901
26.660000	0.588529	4.947165
26.670000	0.578582	4.971227
26.680000	0.568937	4.995086
26.690000	0.559591	5.018743
26.700000	0.550539	5.042199
26.710000	0.541779	5.065454
26.720000	0.533305	5.088510
26.730000	0.525113	5.111369
26.740000	0.517198	5.134033
26.750000	0.509555	5.156503
26.760000	0.502180	5.178784
26.770000	0.495065	5.200876
26.780000	0.488207	5.222784
26.790000	0.481599	5.244510
26.800000	0.475235	5.266058
26.810000	0.469109	5.287431
26.820000	0.463216	5.308633
26.830000	0.457550	5.329667
26.840000	0.452103	5.350538
26.850000	0.446871	5.371249
26.860000	0.441848	5.391804
26.870000	0.437026	5.412207
26.880000	0.432401	5.432462
26.890000	0.427966	5.452573
26.900000	0.423715	5.472544
26.910000	0.419643	5.492379
26.920000	0.415744	5.512082
26.930000	0.412012	5.531656
26.940000	0.408441	5.551107
26.950000	0.405026	5.570437
26.960000	0.401762	5.589651
26.970000	0.398644	5.608752
26.980000	0.395665	5.627744
26.990000	0.392823	5.646630
27.000000	0.390110	5.665414
27.010000	0.387523	5.684100
27.020000	0.385057	5.702691
27.030000	0.382708	5.721189
27.040000	0.380471	5.739599
27.050000	0.378342	5.757924
27.060000	0.376317	5.776166
27.070000	0.374391	5.794328
27.080000	0.372562	5.812414
27.090000	0.370825	5.830425
27.100000	0.369176	5.848365
27.110000	0.367613	5.866237
27.120000	0.366131	5.884042
27.130000	0.364728	5.901784
27.140000	0.363401	5.919464
27.150000	0.362146	5.937085
27.160000	0.360961	5.954648
27.170000	0.359843	5.972157
27.180000	0.358788	5.989613
27.190000	0.357796	6.007018
27.200000	0.356862	6.024373
27.210000	0.355985	6.041682
27.220000	0.355163	6.058944
27.230000	0.354393	6.076163
27.240000	0.353672	6.093339
27.250000	0.353000	6.110474
27.260000	0.352375	6.127570
27.270000	0.351793	6.144628
27.280000	0.351254	6.161649
27.290000	0.350756	6.178635
27.300000	0.350297	6.195586
27.310000	0.349876	6.212504
27.320000	0.349491	6.229391
27.330000	0.349140	6.246246
27.340000	0.348823	6.263072
27.350000	0.348538	6.279869
27.360000	0.348284	6.296638
27.370000	0.348059	6.313380
27.380000	0.347863	6.330095
27.390000	0.347693	6.346786
27.400000	0.347551	6.363452
27.410000	0.347433	6.380094
27.420000	0.347340	6.396713
27.430000	0.347270	6.413309
27.440000	0.347223	6.429884
27.450000	0.347197	6.446437
27.460000	0.347192	6.462970
27.470000	0.347207	6.479483
27.480000	0.347242	6.495976
27.490000	0.347295	6.512451
27.500000	0.347367	6.528906
27.510000	0.347455	6.545344
27.520000	0.347561	6.561764
27.530000	0.347682	6.578167
27.540000	0.347820	6.594553
27.550000	0.347972	6.610922
27.560000	0.348139	6.627275
27.570000	0.348320	6.643613
27.580000	0.348515	6.659935
27.590000	0.348723	6.676241
27.600000	0.348944	6.692533
27.610000	0.349178	6.708810
27.620000	0.349423	6.725073
27.630000	0.349680	6.741322
27.640000	0.349949	6.757556
27.650000	0.350229	6.773777
27.660000	0.350519	6.789984
27.670000	0.350820	6.806178
27.680000	0.351131	6.822359
27.690000	0.351452	6.838527
27.700000	0.351783	6.854681
27.710000	0.352123	6.870823
27.720000	0.352472	6.886953
27.730000	0.352831	6.903070
27.740000	0.353198	6.919174
27.750000	0.353574	6.935267
27.760000	0.353958	6.951347
27.770000	0.354350	6.967415
27.780000	0.354751	6.983471
27.790000	0.355159	6.999515
27.800000	0.355576	7.015547
27.810000	0.356000	7.031567
27.820000	0.356431	7.047575
27.830000	0.356870	7.063572
27.840000	0.357316	7.079557
27.850000	0.357770	7.095530
27.860000	0.358230	7.111492
27.870000	0.358698	7.127442
27.880000	0.359173	7.143380
27.890000	0.359654	7.159307
27.900000	0.360143	7.175222
27.910000	0.360638	7.191126
27.920000	0.361139	7.207018
27.930000	0.361648	7.222898
27.940000	0.362163	7.238767
27.950000	0.362684	7.254624
27.960000	0.363212	7.270469
27.970000	0.363747	7.286302
27.980000	0.364287	7.302124
27.990000	0.364835	7.317934
28.000000	0.365389	7.333732
28.010000	0.365949	7.349518
28.020000	0.366515	7.365292
28.030000	0.367088	7.381054
28.040000	0.367667	7.396804
28.050000	0.368253	7.412541
28.060000	0.368845	7.428267
28.070000	0.369443	7.443980
28.080000	0.370048	7.459681
28.090000	0.370659	7.475369
28.100000	0.371276	7.491045
28.110000	0.371900	7.506708
28.120000	0.372531	7.522359
28.130000	0.373168	7.537997
28.140000	0.373811	7.553621
28.150000	0.374462	7.569233
28.160000	0.375118	7.584832
28.170000	0.375782	7.600417
28.180000	0.376452	7.615989
28.190000	0.377129	7.631548
28.200000	0.377813	7.647093
28.210000	0.378503	7.662624
28.220000	0.379201	7.678141
28.230000	0.379905	7.693645
28.240000	0.380617	7.709134
28.250000	0.381336	7.724609
28.260000	0.382062	7.740070
28.270000	0.382795	7.755516
28.280000	0.383536	7.770947
28.290000	0.384284	7.786363
28.300000	0.385040	7.801765
28.310000	0.385803	7.817151
28.320000	0.386574	7.832522
28.330000	0.387353	7.847877
28.340000	0.388140	7.863217
28.350000	0.388935	7.878541
28.360000	0.389738	7.893848
28.370000	0.390550	7.909139
28.380000	0.391369	7.924414
28.390000	0.392198	7.939672
28.400000	0.393034	7.954913
28.410000	0.393880	7.970137
28.420000	0.394735	7.985344
28.430000	0.395598	8.000533
28.440000	0.396471	8.015704
28.450000	0.397353	8.030857
28.460000	0.398245	8.045992
28.470000	0.399146	8.061108
28.480000	0.400057	8.076206
28.490000	0.400978	8.091284
28.500000	0.401910	8.106343
28.510000	0.402851	8.121383
28.520000	0.403803	8.136402
28.530000	0.404766	8.151401
28.540000	0.405739	8.166380
28.550000	0.406724	8.181338
28.560000	0.407720	8.196275
28.570000	0.408728	8.211190
28.580000	0.409747	8.226083
28.590000	0.410778	8.240955
28.600000	0.411822	8.255803
28.610000	0.412877	8.270629
28.620000	0.413946	8.285432
28.630000	0.415028	8.300211
28.640000	0.416122	8.314966
28.650000	0.417230	8.329697
28.660000	0.418352	8.344402
28.670000	0.419489	8.359083
28.680000	0.420639	8.373737
28.690000	0.421804	8.388366
28.700000	0.422984	8.402968
28.710000	0.424180	8.417542
28.720000	0.425391	8.432089
28.730000	0.426618	8.446608
28.740000	0.427862	8.461098
28.750000	0.429122	8.475559
28.760000	0.430400	8.489991
28.770000	0.431695	8.504391
28.780000	0.433008	8.518761
28.790000	0.434340	8.533099
28.800000	0.435691	8.547405
28.810000	0.437061	8.561678
28.820000	0.438450	8.575918
28.830000	0.439861	8.590123
28.840000	0.441292	8.604294
28.850000	0.442744	8.618428
28.860000	0.444219	8.632526
28.870000	0.445716	8.646587
28.880000	0.447236	8.660610
28.890000	0.448780	8.674593
28.900000	0.450349	8.688537
28.910000	0.451942	8.702440
28.920000	0.453562	8.716301
28.930000	0.455208	8.730119
28.940000	0.456881	8.743893
28.950000	0.458583	8.757623
28.960000	0.460313	8.771307
28.970000	0.462074	8.784943
28.980000	0.463865	8.798532
28.990000	0.465687	8.812070
29.000000	0.467543	8.825558
29.010000	0.469432	8.838994
29.020000	0.471355	8.852376
29.030000	0.473315	8.865703
29.040000	0.475311	8.878973
29.050000	0.477346	8.892186
29.060000	0.479420	8.905338
29.070000	0.481534	8.918429
29.080000	0.483691	8.931457
29.090000	0.485892	8.944420
29.100000	0.488137	8.957315
29.110000	0.490430	8.970141
29.120000	0.492770	8.982896
29.130000	0.495161	8.995578
29.140000	0.497604	9.008183
29.150000	0.500101	9.020711
29.160000	0.502654	9.033157
29.170000	0.505265	9.045519
29.180000	0.507936	9.057795
29.190000	0.510670	9.069982
29.200000	0.513470	9.082076
29.210000	0.516337	9.094073
29.220000	0.519275	9.105972
29.230000	0.522287	9.117767
29.240000	0.525376	9.129456
29.250000	0.528545	9.141033
29.260000	0.531798	9.152495
29.270000	0.535138	9.163836
29.280000	0.538570	9.175053
29.290000	0.542097	9.186140
29.300000	0.545724	9.197092
29.310000	0.549457	9.207902
29.320000	0.553299	9.218565
29.330000	0.557257	9.229074
29.340000	0.561336	9.239423
29.350000	0.565542	9.249603
29.360000	0.569883	9.259607
29.370000	0.574364	9.269427
29.380000	0.578994	9.279053
29.390000	0.583781	9.288476
29.400000	0.588734	9.297686
29.410000	0.593862	9.306671
29.420000	0.599175	9.315419
29.430000	0.604684	9.323918
29.440000	0.610402	9.332153
29.450000	0.616340	9.340111
29.460000	0.622514	9.347774
29.470000	0.628938	9.355125
29.480000	0.635628	9.362145
29.490000	0.642603	9.368814
29.500000	0.649882	9.375109
29.510000	0.657487	9.381005
29.520000	0.665441	9.386476
29.530000	0.673770	9.391493
29.540000	0.682503	9.396022
29.550000	0.691670	9.400030
29.560000	0.701307	9.403476
29.570000	0.711452	9.406319
29.580000	0.722147	9.408509
29.590000	0.733440	9.409994
29.600000	0.745385	9.410715
29.610000	0.758040	9.410606
29.620000	0.771472	9.409593
29.630000	0.785758	9.407594
29.640000	0.800981	9.404513
29.650000	0.817239	9.400245
29.660000	0.834642	9.394669
29.670000	0.853317	9.387648
29.680000	0.873407	9.379024
29.690000	0.895082	9.368616
29.700000	0.918534	9.356213
29.710000	0.943990	9.341572
29.720000	0.971715	9.324406
29.730000	1.002022	9.304383
29.740000	1.035280	9.281104
29.750000	1.071933	9.254098
29.760000	1.112512	9.222800
29.770000	1.157660	9.186527
29.780000	1.208163	9.144447
29.790000	1.264988	9.095541
29.800000	1.329335	9.038544
29.810000	1.402711	8.971874
29.820000	1.487025	8.893534
29.830000	1.584720	8.800968
29.840000	1.698965	8.690876
29.850000	1.833908	8.558943
29.860000	1.995052	8.399461
29.870000	2.189765	8.204796
29.880000	2.428010	7.964654
29.890000	2.723304	7.665080
29.900000	3.093912	7.287239
29.910000	3.563954	6.806257
29.920000	4.163353	6.191219
29.930000	4.923441	5.409498
29.940000	5.860842	4.442862
29.950000	6.938074	3.327022
29.960000	8.004553	2.211163
29.970000	8.800944	1.354726
29.980000	9.166193	0.921467
29.990000	9.227106	0.788892
30.000000	9.180596	0.763131
