0.010000	0.020000	0.000000
0.020000	0.039000	0.000800
0.030000	0.057050	0.002360
0.040000	0.074198	0.004642
0.050000	0.090488	0.007610
0.060000	0.105964	0.011228
0.070000	0.120667	0.015466
0.080000	0.134636	0.020290
0.090000	0.147908	0.025672
0.100000	0.160518	0.031583
0.110000	0.172500	0.037995
0.120000	0.183887	0.044884
0.130000	0.194708	0.052224
0.140000	0.204992	0.059993
0.150000	0.214768	0.068167
0.160000	0.224061	0.076727
0.170000	0.232896	0.085650
0.180000	0.241298	0.094920
0.190000	0.249288	0.104516
0.200000	0.256889	0.114423
0.210000	0.264120	0.124623
0.220000	0.271001	0.135101
0.230000	0.277550	0.145842
0.240000	0.283785	0.156831
0.250000	0.289722	0.168056
0.260000	0.295377	0.179504
0.270000	0.300765	0.191163
0.280000	0.305899	0.203020
0.290000	0.310794	0.215066
0.300000	0.315462	0.227290
0.310000	0.319915	0.239683
0.320000	0.324165	0.252234
0.330000	0.328222	0.264936
0.340000	0.332096	0.277779
0.350000	0.335798	0.290757
0.360000	0.339336	0.303861
0.370000	0.342719	0.317084
0.380000	0.345955	0.330420
0.390000	0.349053	0.343863
0.400000	0.352019	0.357406
0.410000	0.354861	0.371044
0.420000	0.357585	0.384771
0.430000	0.360198	0.398583
0.440000	0.362705	0.412474
0.450000	0.365113	0.426439
0.460000	0.367425	0.440475
0.470000	0.369649	0.454578
0.480000	0.371788	0.468742
0.490000	0.373846	0.482966
0.500000	0.375829	0.497245
0.510000	0.377740	0.511576
0.520000	0.379583	0.525955
0.530000	0.381361	0.540381
0.540000	0.383079	0.554849
0.550000	0.384739	0.569358
0.560000	0.386345	0.583905
0.570000	0.387900	0.598487
0.580000	0.389405	0.613103
0.590000	0.390865	0.627749
0.600000	0.392280	0.642425
0.610000	0.393655	0.657127
0.620000	0.394991	0.671855
0.630000	0.396289	0.686607
0.640000	0.397553	0.701380
0.650000	0.398784	0.716174
0.660000	0.399984	0.730986
0.670000	0.401154	0.745816
0.680000	0.402296	0.760662
0.690000	0.403413	0.775523
0.700000	0.404504	0.790397
0.710000	0.405572	0.805284
0.720000	0.406618	0.820182
0.730000	0.407643	0.835091
0.740000	0.408649	0.850009
0.750000	0.409636	0.864935
0.760000	0.410605	0.879869
0.770000	0.411559	0.894810
0.780000	0.412496	0.909757
0.790000	0.413420	0.924709
0.800000	0.414329	0.939665
0.810000	0.415226	0.954625
0.820000	0.416110	0.969588
0.830000	0.416984	0.984554
0.840000	0.417846	0.999521
0.850000	0.418699	1.014490
0.860000	0.419543	1.029460
0.870000	0.420378	1.044429
0.880000	0.421204	1.059399
0.890000	0.422024	1.074367
0.900000	0.422836	1.089335
0.910000	0.423642	1.104301
0.920000	0.424442	1.119264
0.930000	0.425236	1.134226
0.940000	0.426025	1.149184
0.950000	0.426810	1.164139
0.960000	0.427590	1.179091
0.970000	0.428366	1.194039
0.980000	0.429139	1.208983
0.990000	0.429908	1.223922
1.000000	0.430675	1.238856
1.010000	0.431439	1.253785
1.020000	0.432201	1.268709
1.030000	0.432961	1.283627
1.040000	0.433719	1.298539
1.050000	0.434476	1.313445
1.060000	0.435231	1.328345
1.070000	0.435986	1.343238
1.080000	0.436740	1.358124
1.090000	0.437493	1.373003
1.100000	0.438247	1.387875
1.110000	0.439000	1.402739
1.120000	0.439753	1.417596
1.130000	0.440507	1.432445
1.140000	0.441261	1.447285
1.150000	0.442016	1.462118
1.160000	0.442772	1.476942
1.170000	0.443529	1.491757
1.180000	0.444287	1.506564
1.190000	0.445047	1.521361
1.200000	0.445808	1.536150
1.210000	0.446570	1.550929
1.220000	0.447335	1.565699
1.230000	0.448101	1.580459
1.240000	0.448869	1.595210
1.250000	0.449640	1.609951
1.260000	0.450413	1.624681
1.270000	0.451188	1.639402
1.280000	0.451966	1.654112
1.290000	0.452747	1.668812
1.300000	0.453530	1.683501
1.310000	0.454317	1.698179
1.320000	0.455106	1.712847
1.330000	0.455898	1.727503
1.340000	0.456694	1.742149
1.350000	0.457493	1.756783
1.360000	0.458295	1.771406
1.370000	0.459101	1.786017
1.380000	0.459910	1.800617
1.390000	0.460723	1.815204
1.400000	0.461540	1.829780
1.410000	0.462361	1.844344
1.420000	0.463186	1.858896
1.430000	0.464015	1.873435
1.440000	0.464847	1.887962
1.450000	0.465685	1.902476
1.460000	0.466526	1.916978
1.470000	0.467372	1.931467
1.480000	0.468223	1.945943
1.490000	0.469078	1.960405
1.500000	0.469937	1.974855
1.510000	0.470802	1.989291
1.520000	0.471671	2.003714
1.530000	0.472545	2.018123
1.540000	0.473424	2.032518
1.550000	0.474309	2.046900
1.560000	0.475198	2.061267
1.570000	0.476093	2.075620
1.580000	0.476993	2.089959
1.590000	0.477898	2.104284
1.600000	0.478809	2.118594
1.610000	0.479726	2.132889
1.620000	0.480648	2.147170
1.630000	0.481576	2.161435
1.640000	0.482510	2.175686
1.650000	0.483450	2.189921
1.660000	0.484396	2.204140
1.670000	0.485348	2.218344
1.680000	0.486306	2.232533
1.690000	0.487270	2.246705
1.700000	0.488241	2.260862
1.710000	0.489219	2.275002
1.720000	0.490203	2.289126
1.730000	0.491193	2.303233
1.740000	0.492191	2.317324
1.750000	0.493195	2.331398
1.760000	0.494206	2.345455
1.770000	0.495224	2.359494
1.780000	0.496250	2.373517
1.790000	0.497282	2.387522
1.800000	0.498322	2.401509
1.810000	0.499370	2.415478
1.820000	0.500425	2.429429
1.830000	0.501487	2.443362
1.840000	0.502558	2.457277
1.850000	0.503636	2.471173
1.860000	0.504722	2.485051
1.870000	0.505817	2.498909
1.880000	0.506919	2.512748
1.890000	0.508030	2.526568
1.900000	0.509150	2.540368
1.910000	0.510278	2.554149
1.920000	0.511415	2.567909
1.930000	0.512560	2.581650
1.940000	0.513714	2.595370
1.950000	0.514878	2.609069
1.960000	0.516051	2.622747
1.970000	0.517233	2.636405
1.980000	0.518424	2.650041
1.990000	0.519625	2.663656
2.000000	0.520836	2.677248
2.010000	0.522057	2.690819
2.020000	0.523288	2.704368
2.030000	0.524529	2.717894
2.040000	0.525780	2.731397
2.050000	0.527042	2.744878
2.060000	0.528314	2.758335
2.070000	0.529598	2.771769
2.080000	0.530892	2.785178
2.090000	0.532197	2.798564
2.100000	0.533514	2.811926
2.110000	0.534842	2.825262
2.120000	0.536182	2.838574
2.130000	0.537533	2.851861
2.140000	0.538897	2.865122
2.150000	0.540273	2.878357
2.160000	0.541661	2.891566
2.170000	0.543061	2.904749
2.180000	0.544475	2.917905
2.190000	0.545901	2.931034
2.200000	0.547341	2.944135
2.210000	0.548794	2.957209
2.220000	0.550261	2.970254
2.230000	0.551741	2.983271
2.240000	0.553236	2.996259
2.250000	0.554745	3.009218
2.260000	0.556268	3.022147
2.270000	0.557806	3.035046
2.280000	0.559359	3.047915
2.290000	0.560928	3.060753
2.300000	0.562512	3.073560
2.310000	0.564111	3.086335
2.320000	0.565727	3.099078
2.330000	0.567359	3.111788
2.340000	0.569008	3.124466
2.350000	0.570674	3.137110
2.360000	0.572357	3.149721
2.370000	0.574057	3.162297
2.380000	0.575775	3.174838
2.390000	0.577512	3.187344
2.400000	0.579267	3.199814
2.410000	0.581040	3.212247
2.420000	0.582833	3.224644
2.430000	0.584645	3.237004
2.440000	0.586477	3.249325
2.450000	0.588330	3.261608
2.460000	0.590203	3.273852
2.470000	0.592097	3.286056
2.480000	0.594012	3.298219
2.490000	0.595949	3.310342
2.500000	0.597909	3.322423
2.510000	0.599891	3.334462
2.520000	0.601896	3.346458
2.530000	0.603925	3.358410
2.540000	0.605977	3.370318
2.550000	0.608055	3.382181
2.560000	0.610157	3.393998
2.570000	0.612285	3.405769
2.580000	0.614438	3.417493
2.590000	0.616619	3.429168
2.600000	0.618826	3.440794
2.610000	0.621061	3.452371
2.620000	0.623324	3.463897
2.630000	0.625617	3.475372
2.640000	0.627938	3.486794
2.650000	0.630290	3.498163
2.660000	0.632672	3.509477
2.670000	0.635086	3.520737
2.680000	0.637532	3.531940
2.690000	0.640011	3.543086
2.700000	0.642524	3.554173
2.710000	0.645070	3.565201
2.720000	0.647652	3.576169
2.730000	0.650270	3.587074
2.740000	0.652924	3.597917
2.750000	0.655617	3.608696
2.760000	0.658347	3.619409
2.770000	0.661117	3.630056
2.780000	0.663927	3.640634
2.790000	0.666779	3.651143
2.800000	0.669673	3.661582
2.810000	0.672610	3.671948
2.820000	0.675591	3.682240
2.830000	0.678618	3.692457
2.840000	0.681692	3.702597
2.850000	0.684814	3.712659
2.860000	0.687984	3.722640
2.870000	0.691205	3.732540
2.880000	0.694478	3.742355
2.890000	0.697803	3.752085
2.900000	0.701183	3.761727
2.910000	0.704618	3.771279
2.920000	0.708111	3.780740
2.930000	0.711663	3.790107
2.940000	0.715276	3.799378
2.950000	0.718950	3.808551
2.960000	0.722689	3.817623
2.970000	0.726493	3.826592
2.980000	0.730365	3.835455
2.990000	0.734306	3.844210
3.000000	0.738319	3.852854
3.010000	0.742406	3.861384
3.020000	0.746568	3.869798
3.030000	0.750808	3.878092
3.040000	0.755129	3.886263
3.050000	0.759533	3.894308
3.060000	0.764022	3.902223
3.070000	0.768600	3.910006
3.080000	0.773268	3.917652
3.090000	0.778030	3.925157
3.100000	0.782888	3.932518
3.110000	0.787847	3.939731
3.120000	0.792909	3.946790
3.130000	0.798077	3.953693
3.140000	0.803355	3.960434
3.150000	0.808747	3.967008
3.160000	0.814257	3.973411
3.170000	0.819888	3.979637
3.180000	0.825646	3.985681
3.190000	0.831534	3.991537
3.200000	0.837556	3.997199
3.210000	0.843719	4.002661
3.220000	0.850026	4.007916
3.230000	0.856484	4.012958
3.240000	0.863097	4.017780
3.250000	0.869872	4.022374
3.260000	0.876815	4.026732
3.270000	0.883932	4.030847
3.280000	0.891230	4.034710
3.290000	0.898716	4.038312
3.300000	0.906397	4.041643
3.310000	0.914282	4.044695
3.320000	0.922378	4.047456
3.330000	0.930694	4.049916
3.340000	0.939239	4.052064
3.350000	0.948023	4.053887
3.360000	0.957056	4.055374
3.370000	0.966349	4.056511
3.380000	0.975912	4.057284
3.390000	0.985758	4.057679
3.400000	0.995900	4.057680
3.410000	1.006350	4.057271
3.420000	1.017122	4.056435
3.430000	1.028231	4.055155
3.440000	1.039693	4.053411
3.450000	1.051524	4.051183
3.460000	1.063742	4.048450
3.470000	1.076365	4.045189
3.480000	1.089413	4.041378
3.490000	1.102906	4.036990
3.500000	1.116867	4.032001
3.510000	1.131318	4.026380
3.520000	1.146285	4.020100
3.530000	1.161794	4.013129
3.540000	1.177872	4.005433
3.550000	1.194549	3.996977
3.560000	1.211856	3.987724
3.570000	1.229827	3.977635
3.580000	1.248496	3.966667
3.590000	1.267901	3.954777
3.600000	1.288082	3.941917
3.610000	1.309081	3.928038
3.620000	1.330941	3.913087
3.630000	1.353711	3.897008
3.640000	1.377439	3.879742
3.650000	1.402179	3.861228
3.660000	1.427986	3.841399
3.670000	1.454918	3.820187
3.680000	1.483038	3.797518
3.690000	1.512408	3.773317
3.700000	1.543098	3.747504
3.710000	1.575177	3.719994
3.720000	1.608718	3.690701
3.730000	1.643796	3.659535
3.740000	1.680490	3.626404
3.750000	1.718876	3.591212
3.760000	1.759036	3.553864
3.770000	1.801048	3.514261
3.780000	1.844991	3.472309
3.790000	1.890938	3.427911
3.800000	1.938961	3.380979
3.810000	1.989124	3.331427
3.820000	2.041479	3.279180
3.830000	2.096069	3.224175
3.840000	2.152920	3.166363
3.850000	2.212037	3.105717
3.860000	2.273402	3.042233
3.870000	2.336965	2.975935
3.880000	2.402644	2.906886
3.890000	2.470318	2.835186
3.900000	2.539819	2.760982
3.910000	2.610930	2.684473
3.920000	2.683382	2.605911
3.930000	2.756853	2.525606
3.940000	2.830963	2.443928
3.950000	2.905279	2.361302
3.960000	2.979325	2.278204
3.970000	3.052580	2.195155
3.980000	3.124501	2.112708
3.990000	3.194529	2.031435
4.000000	3.262111	1.951908
4.010000	3.326715	1.874683
4.020000	3.387851	1.800279
4.030000	3.445087	1.729166
4.040000	3.498060	1.661741
4.050000	3.546495	1.598326
4.060000	3.590202	1.539154
4.070000	3.629082	1.484372
4.080000	3.663123	1.434040
4.090000	3.692393	1.388139
4.100000	3.717029	1.346579
4.110000	3.737225	1.309213
4.120000	3.753220	1.275846
4.130000	3.765283	1.246251
4.140000	3.773704	1.220177
4.150000	3.778782	1.197361
4.160000	3.780816	1.177539
4.170000	3.780100	1.160448
4.180000	3.776913	1.145833
4.190000	3.771521	1.133456
4.200000	3.764172	1.123090
4.210000	3.755094	1.114526
4.220000	3.744496	1.107574
4.230000	3.732567	1.102058
4.240000	3.719478	1.097821
4.250000	3.705382	1.094722
4.260000	3.690417	1.092634
4.270000	3.674703	1.091443
4.280000	3.658351	1.091048
4.290000	3.641454	1.091362
4.300000	3.624098	1.092303
4.310000	3.606357	1.093803
4.320000	3.588297	1.095799
4.330000	3.569976	1.098238
4.340000	3.551444	1.101069
4.350000	3.532747	1.104252
4.360000	3.513924	1.107748
4.370000	3.495009	1.111524
4.380000	3.476032	1.115550
4.390000	3.457020	1.119802
4.400000	3.437996	1.124255
4.410000	3.418982	1.128890
4.420000	3.399993	1.133689
4.430000	3.381048	1.138635
4.440000	3.362158	1.143714
4.450000	3.343337	1.148913
4.460000	3.324594	1.154222
4.470000	3.305940	1.159631
4.480000	3.287382	1.165130
4.490000	3.268927	1.170711
4.500000	3.250581	1.176367
4.510000	3.232350	1.182092
4.520000	3.214239	1.187880
4.530000	3.196251	1.193726
4.540000	3.178390	1.199625
4.550000	3.160658	1.205572
4.560000	3.143059	1.211565
4.570000	3.125594	1.217599
4.580000	3.108266	1.223671
4.590000	3.091075	1.229779
4.600000	3.074024	1.235920
4.610000	3.057112	1.242091
4.620000	3.040342	1.248290
4.630000	3.023713	1.254516
4.640000	3.007225	1.260766
4.650000	2.990880	1.267039
4.660000	2.974678	1.273333
4.670000	2.958617	1.279647
4.680000	2.942699	1.285979
4.690000	2.926923	1.292327
4.700000	2.911289	1.298692
4.710000	2.895797	1.305072
4.720000	2.880446	1.311465
4.730000	2.865235	1.317871
4.740000	2.850165	1.324289
4.750000	2.835235	1.330718
4.760000	2.820443	1.337157
4.770000	2.805791	1.343605
4.780000	2.791276	1.350062
4.790000	2.776898	1.356526
4.800000	2.762657	1.362998
4.810000	2.748552	1.369477
4.820000	2.734582	1.375961
4.830000	2.720747	1.382451
4.840000	2.707045	1.388945
4.850000	2.693476	1.395444
4.860000	2.680039	1.401946
4.870000	2.666733	1.408452
4.880000	2.653558	1.414959
4.890000	2.640513	1.421469
4.900000	2.627596	1.427980
4.910000	2.614808	1.434493
4.920000	2.602147	1.441006
4.930000	2.589613	1.447519
4.940000	2.577204	1.454031
4.950000	2.564920	1.460543
4.960000	2.552761	1.467053
4.970000	2.540724	1.473562
4.980000	2.528811	1.480068
4.990000	2.517019	1.486572
5.000000	2.505348	1.493073
5.010000	2.493797	1.499570
5.020000	2.482366	1.506063
5.030000	2.471053	1.512552
5.040000	2.459859	1.519036
5.050000	2.448781	1.525515
5.060000	2.437820	1.531988
5.070000	2.426975	1.538456
5.080000	2.416244	1.544916
5.090000	2.405628	1.551370
5.100000	2.395125	1.557817
5.110000	2.384735	1.564256
5.120000	2.374457	1.570687
5.130000	2.364290	1.577109
5.140000	2.354234	1.583522
5.150000	2.344287	1.589926
5.160000	2.334450	1.596320
5.170000	2.324722	1.602704
5.180000	2.315101	1.609078
5.190000	2.305588	1.615440
5.200000	2.296181	1.621791
5.210000	2.286880	1.628130
5.220000	2.277684	1.634457
5.230000	2.268593	1.640771
5.240000	2.259606	1.647073
5.250000	2.250722	1.653360
5.260000	2.241941	1.659634
5.270000	2.233262	1.665894
5.280000	2.224685	1.672138
5.290000	2.216209	1.678368
5.300000	2.207833	1.684582
5.310000	2.199556	1.690780
5.320000	2.191379	1.696961
5.330000	2.183301	1.703126
5.340000	2.175321	1.709273
5.350000	2.167438	1.715403
5.360000	2.159652	1.721514
5.370000	2.151962	1.727607
5.380000	2.144369	1.733681
5.390000	2.136870	1.739736
5.400000	2.129467	1.745771
5.410000	2.122158	1.751785
5.420000	2.114942	1.757779
5.430000	2.107820	1.763752
5.440000	2.100791	1.769702
5.450000	2.093854	1.775631
5.460000	2.087009	1.781538
5.470000	2.080256	1.787421
5.480000	2.073593	1.793282
5.490000	2.067021	1.799118
5.500000	2.060538	1.804930
5.510000	2.054145	1.810718
5.520000	2.047842	1.816480
5.530000	2.041626	1.822217
5.540000	2.035499	1.827928
5.550000	2.029460	1.833612
5.560000	2.023508	1.839269
5.570000	2.017643	1.844899
5.580000	2.011865	1.850501
5.590000	2.006173	1.856075
5.600000	2.000566	1.861620
5.610000	1.995045	1.867135
5.620000	1.989608	1.872621
5.630000	1.984256	1.878077
5.640000	1.978988	1.883502
5.650000	1.973804	1.888897
5.660000	1.968704	1.894259
5.670000	1.963686	1.899590
5.680000	1.958751	1.904888
5.690000	1.953899	1.910153
5.700000	1.949128	1.915385
5.710000	1.944439	1.920582
5.720000	1.939831	1.925746
5.730000	1.935304	1.930874
5.740000	1.930858	1.935967
5.750000	1.926492	1.941025
5.760000	1.922206	1.946046
5.770000	1.918000	1.951030
5.780000	1.913873	1.955977
5.790000	1.909825	1.960886
5.800000	1.905856	1.965757
5.810000	1.901965	1.970590
5.820000	1.898152	1.975383
5.830000	1.894417	1.980136
5.840000	1.890760	1.984849
5.850000	1.887180	1.989522
5.860000	1.883676	1.994153
5.870000	1.880250	1.998743
5.880000	1.876900	2.003291
5.890000	1.873626	2.007796
5.900000	1.870427	2.012258
5.910000	1.867305	2.016676
5.920000	1.864258	2.021050
5.930000	1.861286	2.025380
5.940000	1.858388	2.029664
5.950000	1.855565	2.033903
5.960000	1.852817	2.038096
5.970000	1.850142	2.042242
5.980000	1.847542	2.046341
5.990000	1.845015	2.050393
6.000000	1.842561	2.054397
6.010000	1.840180	2.058352
6.020000	1.837873	2.062258
6.030000	1.835637	2.066114
6.040000	1.833475	2.069921
6.050000	1.831384	2.073676
6.060000	1.829365	2.077381
6.070000	1.827418	2.081035
6.080000	1.825542	2.084636
6.090000	1.823738	2.088185
6.100000	1.822005	2.091681
6.110000	1.820342	2.095124
6.120000	1.818750	2.098513
6.130000	1.817228	2.101847
6.140000	1.815776	2.105126
6.150000	1.814394	2.108351
6.160000	1.813082	2.111519
6.170000	1.811839	2.114631
6.180000	1.810666	2.117686
6.190000	1.809561	2.120684
6.200000	1.808525	2.123625
6.210000	1.807557	2.126507
6.220000	1.806658	2.129331
6.230000	1.805827	2.132095
6.240000	1.805063	2.134801
6.250000	1.804367	2.137446
6.260000	1.803739	2.140031
6.270000	1.803177	2.142555
6.280000	1.802682	2.145018
6.290000	1.802254	2.147420
6.300000	1.801892	2.149759
6.310000	1.801596	2.152036
6.320000	1.801366	2.154250
6.330000	1.801201	2.156401
6.340000	1.801102	2.158488
6.350000	1.801068	2.160512
6.360000	1.801098	2.162471
6.370000	1.801192	2.164365
6.380000	1.801351	2.166195
6.390000	1.801574	2.167959
6.400000	1.801860	2.169657
6.410000	1.802209	2.171289
6.420000	1.802621	2.172855
6.430000	1.803096	2.174354
6.440000	1.803633	2.175786
6.450000	1.804231	2.177151
6.460000	1.804891	2.178449
6.470000	1.805613	2.179678
6.480000	1.806395	2.180840
6.490000	1.807237	2.181934
6.500000	1.808140	2.182959
6.510000	1.809102	2.183916
6.520000	1.810123	2.184804
6.530000	1.811203	2.185622
6.540000	1.812341	2.186372
6.550000	1.813537	2.187053
6.560000	1.814791	2.187664
6.570000	1.816101	2.188205
6.580000	1.817468	2.188678
6.590000	1.818891	2.189080
6.600000	1.820369	2.189413
6.610000	1.821902	2.189676
6.620000	1.823489	2.189870
6.630000	1.825130	2.189994
6.640000	1.826825	2.190048
6.650000	1.828572	2.190033
6.660000	1.830371	2.189948
6.670000	1.832221	2.189794
6.680000	1.834122	2.189571
6.690000	1.836073	2.189278
6.700000	1.838074	2.188917
6.710000	1.840123	2.188487
6.720000	1.842220	2.187989
6.730000	1.844365	2.187422
6.740000	1.846556	2.186788
6.750000	1.848792	2.186086
6.760000	1.851074	2.185316
6.770000	1.853399	2.184480
6.780000	1.855768	2.183577
6.790000	1.858179	2.182608
6.800000	1.860632	2.181573
6.810000	1.863126	2.180474
6.820000	1.865659	2.179309
6.830000	1.868231	2.178081
6.840000	1.870840	2.176789
6.850000	1.873487	2.175434
6.860000	1.876169	2.174017
6.870000	1.878886	2.172538
6.880000	1.881637	2.170998
6.890000	1.884421	2.169398
6.900000	1.887236	2.167739
6.910000	1.890082	2.166021
6.920000	1.892957	2.164245
6.930000	1.895860	2.162412
6.940000	1.898790	2.160523
6.950000	1.901746	2.158579
6.960000	1.904727	2.156581
6.970000	1.907731	2.154530
6.980000	1.910757	2.152426
6.990000	1.913804	2.150271
7.000000	1.916871	2.148067
7.010000	1.919956	2.145813
7.020000	1.923058	2.143512
7.030000	1.926175	2.141164
7.040000	1.929307	2.138770
7.050000	1.932451	2.136333
7.060000	1.935607	2.133852
7.070000	1.938773	2.131330
7.080000	1.941948	2.128768
7.090000	1.945130	2.126166
7.100000	1.948317	2.123527
7.110000	1.951509	2.120852
7.120000	1.954704	2.118142
7.130000	1.957901	2.115399
7.140000	1.961097	2.112624
7.150000	1.964291	2.109818
7.160000	1.967483	2.106984
7.170000	1.970670	2.104122
7.180000	1.973851	2.101235
7.190000	1.977024	2.098323
7.200000	1.980188	2.095388
7.210000	1.983342	2.092432
7.220000	1.986484	2.089457
7.230000	1.989612	2.086464
7.240000	1.992726	2.083455
7.250000	1.995822	2.080431
7.260000	1.998901	2.077394
7.270000	2.001961	2.074345
7.280000	2.004999	2.071287
7.290000	2.008015	2.068221
7.300000	2.011008	2.065148
7.310000	2.013975	2.062071
7.320000	2.016916	2.058990
7.330000	2.019829	2.055908
7.340000	2.022712	2.052826
7.350000	2.025565	2.049746
7.360000	2.028387	2.046669
7.370000	2.031174	2.043598
7.380000	2.033928	2.040533
7.390000	2.036645	2.037476
7.400000	2.039326	2.034429
7.410000	2.041969	2.031393
7.420000	2.044572	2.028370
7.430000	2.047135	2.025361
7.440000	2.049656	2.022369
7.450000	2.052135	2.019393
7.460000	2.054570	2.016437
7.470000	2.056960	2.013501
7.480000	2.059305	2.010586
7.490000	2.061604	2.007695
7.500000	2.063855	2.004828
7.510000	2.066058	2.001986
7.520000	2.068211	1.999172
7.530000	2.070315	1.996386
7.540000	2.072369	1.993629
7.550000	2.074371	1.990903
7.560000	2.076321	1.988209
7.570000	2.078219	1.985548
7.580000	2.080064	1.982921
7.590000	2.081855	1.980329
7.600000	2.083592	1.977774
7.610000	2.085275	1.975255
7.620000	2.086902	1.972775
7.630000	2.088475	1.970333
7.640000	2.089992	1.967932
7.650000	2.091453	1.965571
7.660000	2.092857	1.963252
7.670000	2.094206	1.960974
7.680000	2.095498	1.958740
7.690000	2.096734	1.956550
7.700000	2.097913	1.954403
7.710000	2.099035	1.952302
7.720000	2.100101	1.950246
7.730000	2.101110	1.948236
7.740000	2.102062	1.946272
7.750000	2.102958	1.944355
7.760000	2.103798	1.942486
7.770000	2.104582	1.940664
7.780000	2.105310	1.938890
7.790000	2.105983	1.937165
7.800000	2.106600	1.935487
7.810000	2.107162	1.933859
7.820000	2.107670	1.932280
7.830000	2.108124	1.930749
7.840000	2.108524	1.929268
7.850000	2.108870	1.927836
7.860000	2.109164	1.926454
7.870000	2.109406	1.925121
7.880000	2.109595	1.923837
7.890000	2.109734	1.922602
7.900000	2.109822	1.921417
7.910000	2.109860	1.920281
7.920000	2.109848	1.919194
7.930000	2.109788	1.918156
7.940000	2.109680	1.917166
7.950000	2.109524	1.916225
7.960000	2.109321	1.915332
7.970000	2.109073	1.914488
7.980000	2.108779	1.913690
7.990000	2.108441	1.912941
8.000000	2.108060	1.912238
8.010000	2.107635	1.911582
8.020000	2.107168	1.910973
8.030000	2.106660	1.910409
8.040000	2.106111	1.909891
8.050000	2.105523	1.909419
8.060000	2.104895	1.908991
8.070000	2.104230	1.908607
8.080000	2.103527	1.908267
8.090000	2.102789	1.907971
8.100000	2.102014	1.907717
8.110000	2.101205	1.907506
8.120000	2.100363	1.907337
8.130000	2.099487	1.907209
8.140000	2.098580	1.907121
8.150000	2.097641	1.907074
8.160000	2.096672	1.907067
8.170000	2.095674	1.907098
8.180000	2.094647	1.907168
8.190000	2.093593	1.907276
8.200000	2.092511	1.907422
8.210000	2.091404	1.907604
8.220000	2.090272	1.907822
8.230000	2.089116	1.908075
8.240000	2.087936	1.908364
8.250000	2.086734	1.908687
8.260000	2.085510	1.909043
8.270000	2.084266	1.909432
8.280000	2.083001	1.909854
8.290000	2.081718	1.910308
8.300000	2.080416	1.910792
8.310000	2.079097	1.911307
8.320000	2.077761	1.911852
8.330000	2.076409	1.912426
8.340000	2.075043	1.913029
8.350000	2.073662	1.913659
8.360000	2.072267	1.914317
8.370000	2.070860	1.915001
8.380000	2.069441	1.915712
8.390000	2.068011	1.916447
8.400000	2.066571	1.917208
8.410000	2.065121	1.917992
8.420000	2.063662	1.918800
8.430000	2.062195	1.919630
8.440000	2.060720	1.920483
8.450000	2.059239	1.921357
8.460000	2.057751	1.922252
8.470000	2.056258	1.923168
8.480000	2.054761	1.924103
8.490000	2.053259	1.925057
8.500000	2.051754	1.926029
8.510000	2.050246	1.927019
8.520000	2.048737	1.928027
8.530000	2.047225	1.929051
8.540000	2.045713	1.930091
8.550000	2.044201	1.931146
8.560000	2.042688	1.932216
8.570000	2.041177	1.933300
8.580000	2.039667	1.934398
8.590000	2.038160	1.935509
8.600000	2.036655	1.936633
8.610000	2.035153	1.937768
8.620000	2.033654	1.938915
8.630000	2.032160	1.940072
8.640000	2.030671	1.941240
8.650000	2.029187	1.942418
8.660000	2.027709	1.943604
8.670000	2.026236	1.944799
8.680000	2.024771	1.946002
8.690000	2.023313	1.947213
8.700000	2.021862	1.948431
8.710000	2.020419	1.949655
8.720000	2.018985	1.950885
8.730000	2.017560	1.952120
8.740000	2.016144	1.953361
8.750000	2.014737	1.954605
8.760000	2.013341	1.955854
8.770000	2.011955	1.957106
8.780000	2.010581	1.958362
8.790000	2.009217	1.959619
8.800000	2.007865	1.960879
8.810000	2.006525	1.962141
8.820000	2.005198	1.963403
8.830000	2.003883	1.964666
8.840000	2.002580	1.965929
8.850000	2.001292	1.967192
8.860000	2.000016	1.968455
8.870000	1.998755	1.969716
8.880000	1.997508	1.970975
8.890000	1.996275	1.972233
8.900000	1.995057	1.973488
8.910000	1.993854	1.974741
8.920000	1.992666	1.975990
8.930000	1.991494	1.977236
8.940000	1.990337	1.978477
8.950000	1.989197	1.979714
8.960000	1.988072	1.980947
8.970000	1.986964	1.982174
8.980000	1.985873	1.983396
8.990000	1.984798	1.984612
9.000000	1.983741	1.985822
9.010000	1.982700	1.987025
9.020000	1.981677	1.988221
9.030000	1.980672	1.989410
9.040000	1.979684	1.990591
9.050000	1.978714	1.991764
9.060000	1.977762	1.992929
9.070000	1.976828	1.994085
9.080000	1.975912	1.995232
9.090000	1.975015	1.996370
9.100000	1.974137	1.997499
9.110000	1.973277	1.998617
9.120000	1.972435	1.999726
9.130000	1.971613	2.000824
9.140000	1.970809	2.001911
9.150000	1.970025	2.002988
9.160000	1.969260	2.004053
9.170000	1.968513	2.005106
9.180000	1.967787	2.006148
9.190000	1.967079	2.007178
9.200000	1.966391	2.008195
9.210000	1.965722	2.009200
9.220000	1.965073	2.010192
9.230000	1.964443	2.011171
9.240000	1.963832	2.012137
9.250000	1.963242	2.013090
9.260000	1.962670	2.014028
9.270000	1.962119	2.014953
9.280000	1.961587	2.015864
9.290000	1.961074	2.016761
9.300000	1.960581	2.017643
9.310000	1.960108	2.018510
9.320000	1.959654	2.019363
9.330000	1.959220	2.020201
9.340000	1.958805	2.021023
9.350000	1.958410	2.021831
9.360000	1.958034	2.022622
9.370000	1.957678	2.023398
9.380000	1.957341	2.024159
9.390000	1.957023	2.024903
9.400000	1.956724	2.025631
9.410000	1.956445	2.026344
9.420000	1.956185	2.027040
9.430000	1.955943	2.027719
9.440000	1.955721	2.028382
9.450000	1.955517	2.029028
9.460000	1.955332	2.029658
9.470000	1.955166	2.030271
9.480000	1.955019	2.030867
9.490000	1.954889	2.031446
9.500000	1.954778	2.032008
9.510000	1.954686	2.032553
9.520000	1.954611	2.033081
9.530000	1.954555	2.033591
9.540000	1.954516	2.034084
9.550000	1.954495	2.034560
9.560000	1.954491	2.035019
9.570000	1.954505	2.035460
9.580000	1.954536	2.035884
9.590000	1.954584	2.036290
9.600000	1.954650	2.036679
9.610000	1.954732	2.037051
9.620000	1.954830	2.037405
9.630000	1.954945	2.037741
9.640000	1.955077	2.038060
9.650000	1.955224	2.038362
9.660000	1.955388	2.038647
9.670000	1.955567	2.038914
9.680000	1.955761	2.039163
9.690000	1.955971	2.039396
9.700000	1.956196	2.039611
9.710000	1.956437	2.039809
9.720000	1.956691	2.039990
9.730000	1.956961	2.040153
9.740000	1.957244	2.040300
9.750000	1.957542	2.040430
9.760000	1.957854	2.040543
9.770000	1.958179	2.040639
9.780000	1.958517	2.040719
9.790000	1.958869	2.040782
9.800000	1.959234	2.040828
9.810000	1.959612	2.040859
9.820000	1.960002	2.040872
9.830000	1.960404	2.040870
9.840000	1.960818	2.040852
9.850000	1.961244	2.040818
9.860000	1.961681	2.040768
9.870000	1.962130	2.040703
9.880000	1.962590	2.040622
9.890000	1.963060	2.040526
9.900000	1.963541	2.040414
9.910000	1.964032	2.040288
9.920000	1.964532	2.040147
9.930000	1.965043	2.039991
9.940000	1.965563	2.039820
9.950000	1.966092	2.039636
9.960000	1.966630	2.039437
9.970000	1.967176	2.039224
9.980000	1.967731	2.038998
9.990000	1.968294	2.038758
10.000000	1.968864	2.038504
10.010000	1.969442	2.038238
10.020000	1.970027	2.037958
10.030000	1.970619	2.037666
10.040000	1.971218	2.037361
10.050000	1.971823	2.037044
10.060000	1.972433	2.036715
10.070000	1.973050	2.036374
10.080000	1.973672	2.036022
10.090000	1.974299	2.035658
10.100000	1.974931	2.035283
10.110000	1.975568	2.034897
10.120000	1.976209	2.034500
10.130000	1.976854	2.034093
10.140000	1.977503	2.033676
10.150000	1.978155	2.033249
10.160000	1.978810	2.032812
10.170000	1.979468	2.032366
10.180000	1.980129	2.031910
10.190000	1.980792	2.031446
10.200000	1.981456	2.030973
10.210000	1.982123	2.030492
10.220000	1.982791	2.030003
10.230000	1.983460	2.029506
10.240000	1.984130	2.029001
10.250000	1.984801	2.028489
10.260000	1.985472	2.027970
10.270000	1.986143	2.027444
10.280000	1.986814	2.026912
10.290000	1.987484	2.026374
10.300000	1.988153	2.025830
10.310000	1.988822	2.025280
10.320000	1.989489	2.024724
10.330000	1.990154	2.024164
10.340000	1.990818	2.023599
10.350000	1.991480	2.023029
10.360000	1.992139	2.022455
10.370000	1.992795	2.021877
10.380000	1.993449	2.021296
10.390000	1.994100	2.020710
10.400000	1.994747	2.020122
10.410000	1.995390	2.019531
10.420000	1.996030	2.018937
10.430000	1.996666	2.018341
10.440000	1.997297	2.017743
10.450000	1.997924	2.017144
10.460000	1.998546	2.016542
10.470000	1.999163	2.015940
10.480000	1.999775	2.015336
10.490000	2.000382	2.014732
10.500000	2.000983	2.014127
10.510000	2.001578	2.013522
10.520000	2.002167	2.012917
10.530000	2.002750	2.012312
10.540000	2.003327	2.011708
10.550000	2.003897	2.011105
10.560000	2.004460	2.010503
10.570000	2.005016	2.009902
10.580000	2.005565	2.009303
10.590000	2.006107	2.008706
10.600000	2.006641	2.008110
10.610000	2.007168	2.007517
10.620000	2.007687	2.006927
10.630000	2.008198	2.006339
10.640000	2.008701	2.005754
10.650000	2.009195	2.005172
10.660000	2.009682	2.004594
10.670000	2.010159	2.004019
10.680000	2.010629	2.003448
10.690000	2.011089	2.002882
10.700000	2.011541	2.002319
10.710000	2.011984	2.001761
10.720000	2.012417	2.001207
10.730000	2.012842	2.000659
10.740000	2.013257	2.000115
10.750000	2.013663	1.999577
10.760000	2.014059	1.999044
10.770000	2.014446	1.998516
10.780000	2.014824	1.997994
10.790000	2.015191	1.997478
10.800000	2.015549	1.996968
10.810000	2.015897	1.996465
10.820000	2.016236	1.995967
10.830000	2.016564	1.995477
10.840000	2.016883	1.994993
10.850000	2.017191	1.994515
10.860000	2.017489	1.994045
10.870000	2.017778	1.993582
10.880000	2.018056	1.993125
10.890000	2.018324	1.992677
10.900000	2.018583	1.992235
10.910000	2.018831	1.991801
10.920000	2.019068	1.991375
10.930000	2.019296	1.990957
10.940000	2.019514	1.990546
10.950000	2.019721	1.990144
10.960000	2.019919	1.989749
10.970000	2.020106	1.989363
10.980000	2.020283	1.988985
10.990000	2.020450	1.988615
11.000000	2.020607	1.988253
11.010000	2.020754	1.987900
11.020000	2.020891	1.987555
11.030000	2.021019	1.987219
11.040000	2.021136	1.986891
11.050000	2.021244	1.986573
11.060000	2.021341	1.986262
11.070000	2.021429	1.985961
11.080000	2.021508	1.985668
11.090000	2.021577	1.985384
11.100000	2.021636	1.985109
11.110000	2.021686	1.984843
11.120000	2.021726	1.984586
11.130000	2.021757	1.984337
11.140000	2.021779	1.984098
11.150000	2.021792	1.983867
11.160000	2.021796	1.983645
11.170000	2.021791	1.983432
11.180000	2.021777	1.983229
11.190000	2.021754	1.983034
11.200000	2.021723	1.982847
11.210000	2.021683	1.982670
11.220000	2.021634	1.982502
11.230000	2.021578	1.982342
11.240000	2.021513	1.982191
11.250000	2.021440	1.982049
11.260000	2.021358	1.981916
11.270000	2.021269	1.981792
11.280000	2.021173	1.981676
11.290000	2.021068	1.981568
11.300000	2.020956	1.981470
11.310000	2.020837	1.981379
11.320000	2.020710	1.981298
11.330000	2.020576	1.981224
11.340000	2.020436	1.981159
11.350000	2.020288	1.981103
11.360000	2.020134	1.981054
11.370000	2.019972	1.981014
11.380000	2.019805	1.980982
11.390000	2.019631	1.980958
11.400000	2.019451	1.980941
11.410000	2.019265	1.980933
11.420000	2.019073	1.980932
11.430000	2.018875	1.980940
11.440000	2.018671	1.980954
11.450000	2.018462	1.980977
11.460000	2.018248	1.981006
11.470000	2.018028	1.981043
11.480000	2.017804	1.981088
11.490000	2.017574	1.981139
11.500000	2.017340	1.981198
11.510000	2.017101	1.981263
11.520000	2.016857	1.981336
11.530000	2.016610	1.981415
11.540000	2.016358	1.981501
11.550000	2.016102	1.981593
11.560000	2.015842	1.981692
11.570000	2.015578	1.981798
11.580000	2.015311	1.981909
11.590000	2.015040	1.982027
11.600000	2.014766	1.982150
11.610000	2.014489	1.982280
11.620000	2.014209	1.982415
11.630000	2.013925	1.982556
11.640000	2.013640	1.982703
11.650000	2.013351	1.982855
11.660000	2.013060	1.983012
11.670000	2.012767	1.983175
11.680000	2.012472	1.983343
11.690000	2.012174	1.983515
11.700000	2.011875	1.983693
11.710000	2.011574	1.983875
11.720000	2.011272	1.984062
11.730000	2.010967	1.984253
11.740000	2.010662	1.984449
11.750000	2.010356	1.984649
11.760000	2.010048	1.984853
11.770000	2.009739	1.985061
11.780000	2.009430	1.985273
11.790000	2.009120	1.985489
11.800000	2.008810	1.985708
11.810000	2.008499	1.985931
11.820000	2.008188	1.986157
11.830000	2.007876	1.986386
11.840000	2.007565	1.986619
11.850000	2.007254	1.986854
11.860000	2.006943	1.987093
11.870000	2.006632	1.987334
11.880000	2.006322	1.987578
11.890000	2.006012	1.987824
11.900000	2.005704	1.988073
11.910000	2.005395	1.988324
11.920000	2.005088	1.988577
11.930000	2.004782	1.988832
11.940000	2.004477	1.989089
11.950000	2.004174	1.989348
11.960000	2.003871	1.989609
11.970000	2.003571	1.989871
11.980000	2.003271	1.990134
11.990000	2.002974	1.990399
12.000000	2.002678	1.990665
12.010000	2.002384	1.990932
12.020000	2.002092	1.991201
12.030000	2.001802	1.991470
12.040000	2.001515	1.991739
12.050000	2.001229	1.992009
12.060000	2.000946	1.992280
12.070000	2.000665	1.992552
12.080000	2.000387	1.992823
12.090000	2.000112	1.993095
12.100000	1.999839	1.993366
12.110000	1.999569	1.993638
12.120000	1.999301	1.993910
12.130000	1.999037	1.994181
12.140000	1.998776	1.994452
12.150000	1.998517	1.994723
12.160000	1.998262	1.994993
12.170000	1.998010	1.995262
12.180000	1.997761	1.995531
12.190000	1.997516	1.995799
12.200000	1.997274	1.996066
12.210000	1.997035	1.996331
12.220000	1.996800	1.996596
12.230000	1.996569	1.996860
12.240000	1.996341	1.997122
12.250000	1.996117	1.997383
12.260000	1.995896	1.997642
12.270000	1.995679	1.997900
12.280000	1.995466	1.998156
12.290000	1.995257	1.998410
12.300000	1.995052	1.998663
12.310000	1.994851	1.998913
12.320000	1.994654	1.999162
12.330000	1.994461	1.999409
12.340000	1.994272	1.999653
12.350000	1.994087	1.999895
12.360000	1.993906	2.000135
12.370000	1.993729	2.000373
12.380000	1.993557	2.000608
12.390000	1.993388	2.000841
12.400000	1.993224	2.001071
12.410000	1.993065	2.001299
12.420000	1.992909	2.001524
12.430000	1.992758	2.001746
12.440000	1.992611	2.001965
12.450000	1.992468	2.002181
12.460000	1.992330	2.002395
12.470000	1.992196	2.002606
12.480000	1.992067	2.002813
12.490000	1.991942	2.003018
12.500000	1.991821	2.003219
12.510000	1.991705	2.003417
12.520000	1.991593	2.003612
12.530000	1.991485	2.003803
12.540000	1.991382	2.003992
12.550000	1.991283	2.004177
12.560000	1.991189	2.004358
12.570000	1.991099	2.004536
12.580000	1.991013	2.004711
12.590000	1.990932	2.004882
12.600000	1.990855	2.005050
12.610000	1.990783	2.005214
12.620000	1.990714	2.005374
12.630000	1.990651	2.005531
12.640000	1.990591	2.005684
12.650000	1.990536	2.005833
12.660000	1.990485	2.005979
12.670000	1.990438	2.006121
12.680000	1.990395	2.006259
12.690000	1.990357	2.006393
12.700000	1.990323	2.006524
12.710000	1.990293	2.006651
12.720000	1.990267	2.006774
12.730000	1.990245	2.006893
12.740000	1.990228	2.007008
12.750000	1.990214	2.007119
12.760000	1.990204	2.007227
12.770000	1.990198	2.007331
12.780000	1.990197	2.007430
12.790000	1.990199	2.007526
12.800000	1.990205	2.007618
12.810000	1.990215	2.007706
12.820000	1.990228	2.007791
12.830000	1.990246	2.007871
12.840000	1.990267	2.007947
12.850000	1.990291	2.008020
12.860000	1.990320	2.008089
12.870000	1.990352	2.008154
12.880000	1.990387	2.008215
12.890000	1.990426	2.008272
12.900000	1.990468	2.008325
12.910000	1.990514	2.008375
12.920000	1.990563	2.008421
12.930000	1.990615	2.008463
12.940000	1.990671	2.008501
12.950000	1.990730	2.008536
12.960000	1.990792	2.008567
12.970000	1.990856	2.008594
12.980000	1.990924	2.008617
12.990000	1.990995	2.008637
13.000000	1.991069	2.008653
13.010000	1.991146	2.008666
13.020000	1.991225	2.008675
13.030000	1.991308	2.008680
13.040000	1.991393	2.008682
13.050000	1.991480	2.008681
13.060000	1.991570	2.008676
13.070000	1.991663	2.008667
13.080000	1.991758	2.008656
13.090000	1.991856	2.008641
13.100000	1.991955	2.008622
13.110000	1.992058	2.008601
13.120000	1.992162	2.008576
13.130000	1.992268	2.008548
13.140000	1.992377	2.008517
13.150000	1.992487	2.008482
13.160000	1.992600	2.008445
13.170000	1.992714	2.008404
13.180000	1.992830	2.008361
13.190000	1.992948	2.008315
13.200000	1.993068	2.008266
13.210000	1.993189	2.008214
13.220000	1.993312	2.008159
13.230000	1.993437	2.008101
13.240000	1.993563	2.008041
13.250000	1.993690	2.007978
13.260000	1.993819	2.007913
13.270000	1.993948	2.007845
13.280000	1.994080	2.007774
13.290000	1.994212	2.007701
13.300000	1.994345	2.007626
13.310000	1.994479	2.007548
13.320000	1.994615	2.007468
13.330000	1.994751	2.007386
13.340000	1.994888	2.007301
13.350000	1.995025	2.007215
13.360000	1.995164	2.007126
13.370000	1.995303	2.007035
13.380000	1.995442	2.006943
13.390000	1.995582	2.006848
13.400000	1.995723	2.006752
13.410000	1.995864	2.006653
13.420000	1.996005	2.006553
13.430000	1.996147	2.006452
13.440000	1.996289	2.006349
13.450000	1.996431	2.006244
13.460000	1.996573	2.006137
13.470000	1.996715	2.006030
13.480000	1.996857	2.005920
13.490000	1.996999	2.005810
13.500000	1.997141	2.005698
13.510000	1.997282	2.005585
13.520000	1.997424	2.005471
13.530000	1.997565	2.005355
13.540000	1.997705	2.005239
13.550000	1.997846	2.005122
13.560000	1.997986	2.005003
13.570000	1.998125	2.004884
13.580000	1.998264	2.004764
13.590000	1.998402	2.004643
13.600000	1.998540	2.004522
13.610000	1.998676	2.004399
13.620000	1.998813	2.004277
13.630000	1.998948	2.004153
13.640000	1.999082	2.004029
13.650000	1.999216	2.003905
13.660000	1.999348	2.003780
13.670000	1.999480	2.003655
13.680000	1.999610	2.003530
13.690000	1.999740	2.003404
13.700000	1.999868	2.003279
13.710000	1.999995	2.003153
13.720000	2.000121	2.003027
13.730000	2.000246	2.002901
13.740000	2.000369	2.002775
13.750000	2.000492	2.002649
13.760000	2.000612	2.002523
13.770000	2.000732	2.002398
13.780000	2.000850	2.002273
13.790000	2.000966	2.002148
13.800000	2.001081	2.002023
13.810000	2.001195	2.001899
13.820000	2.001307	2.001775
13.830000	2.001417	2.001651
13.840000	2.001526	2.001529
13.850000	2.001633	2.001406
13.860000	2.001738	2.001285
13.870000	2.001842	2.001164
13.880000	2.001944	2.001043
13.890000	2.002044	2.000924
13.900000	2.002142	2.000805
13.910000	2.002239	2.000687
13.920000	2.002334	2.000569
13.930000	2.002427	2.000453
13.940000	2.002518	2.000338
13.950000	2.002607	2.000223
13.960000	2.002694	2.000110
13.970000	2.002780	1.999998
13.980000	2.002863	1.999887
13.990000	2.002945	1.999776
14.000000	2.003024	1.999667
14.010000	2.003102	1.999560
14.020000	2.003177	1.999453
14.030000	2.003251	1.999348
14.040000	2.003322	1.999244
14.050000	2.003392	1.999141
14.060000	2.003459	1.999039
14.070000	2.003525	1.998939
14.080000	2.003588	1.998841
14.090000	2.003650	1.998743
14.100000	2.003709	1.998648
14.110000	2.003766	1.998553
14.120000	2.003821	1.998460
14.130000	2.003874	1.998369
14.140000	2.003926	1.998279
14.150000	2.003974	1.998191
14.160000	2.004021	1.998104
14.170000	2.004066	1.998019
14.180000	2.004109	1.997936
14.190000	2.004150	1.997854
14.200000	2.004188	1.997774
14.210000	2.004225	1.997696
14.220000	2.004259	1.997619
14.230000	2.004292	1.997544
14.240000	2.004322	1.997470
14.250000	2.004351	1.997399
14.260000	2.004377	1.997329
14.270000	2.004402	1.997261
14.280000	2.004424	1.997194
14.290000	2.004444	1.997130
14.300000	2.004463	1.997067
14.310000	2.004479	1.997006
14.320000	2.004494	1.996946
14.330000	2.004506	1.996889
14.340000	2.004517	1.996833
14.350000	2.004525	1.996779
14.360000	2.004532	1.996727
14.370000	2.004537	1.996677
14.380000	2.004540	1.996629
14.390000	2.004541	1.996582
14.400000	2.004541	1.996538
14.410000	2.004538	1.996495
14.420000	2.004534	1.996454
14.430000	2.004528	1.996414
14.440000	2.004520	1.996377
14.450000	2.004510	1.996341
14.460000	2.004499	1.996307
14.470000	2.004486	1.996275
14.480000	2.004471	1.996245
14.490000	2.004455	1.996217
14.500000	2.004437	1.996190
14.510000	2.004418	1.996165
14.520000	2.004396	1.996142
14.530000	2.004374	1.996121
14.540000	2.004349	1.996102
14.550000	2.004324	1.996084
14.560000	2.004296	1.996068
14.570000	2.004268	1.996054
14.580000	2.004238	1.996041
14.590000	2.004206	1.996030
14.600000	2.004173	1.996021
14.610000	2.004139	1.996014
14.620000	2.004103	1.996008
14.630000	2.004066	1.996004
14.640000	2.004028	1.996001
14.650000	2.003989	1.996000
14.660000	2.003948	1.996001
14.670000	2.003906	1.996004
14.680000	2.003863	1.996007
14.690000	2.003819	1.996013
14.700000	2.003774	1.996020
14.710000	2.003728	1.996029
14.720000	2.003680	1.996039
14.730000	2.003632	1.996050
14.740000	2.003583	1.996063
14.750000	2.003532	1.996078
14.760000	2.003481	1.996094
14.770000	2.003429	1.996111
14.780000	2.003376	1.996130
14.790000	2.003322	1.996150
14.800000	2.003268	1.996171
14.810000	2.003212	1.996194
14.820000	2.003156	1.996218
14.830000	2.003099	1.996243
14.840000	2.003041	1.996270
14.850000	2.002983	1.996298
14.860000	2.002924	1.996327
14.870000	2.002865	1.996357
14.880000	2.002805	1.996388
14.890000	2.002744	1.996421
14.900000	2.002683	1.996454
14.910000	2.002622	1.996489
14.920000	2.002560	1.996525
14.930000	2.002497	1.996562
14.940000	2.002434	1.996600
14.950000	2.002371	1.996638
14.960000	2.002308	1.996678
14.970000	2.002244	1.996719
14.980000	2.002180	1.996761
14.990000	2.002115	1.996803
15.000000	2.002051	1.996847
15.010000	2.001986	1.996891
15.020000	2.001921	1.996936
15.030000	2.001856	1.996982
15.040000	2.001791	1.997029
15.050000	2.001725	1.997076
15.060000	2.001660	1.997124
15.070000	2.001595	1.997173
15.080000	2.001529	1.997222
15.090000	2.001464	1.997272
15.100000	2.001399	1.997323
15.110000	2.001333	1.997374
15.120000	2.001268	1.997426
15.130000	2.001203	1.997478
15.140000	2.001138	1.997531
15.150000	2.001074	1.997584
15.160000	2.001009	1.997638
15.170000	2.000945	1.997692
15.180000	2.000881	1.997747
15.190000	2.000817	1.997802
15.200000	2.000754	1.997857
15.210000	2.000691	1.997913
15.220000	2.000628	1.997969
15.230000	2.000565	1.998025
15.240000	2.000503	1.998081
15.250000	2.000442	1.998138
15.260000	2.000380	1.998195
15.270000	2.000320	1.998252
15.280000	2.000259	1.998309
15.290000	2.000199	1.998366
15.300000	2.000140	1.998424
15.310000	2.000081	1.998481
15.320000	2.000023	1.998539
15.330000	1.999965	1.998596
15.340000	1.999908	1.998654
15.350000	1.999851	1.998711
15.360000	1.999795	1.998769
15.370000	1.999740	1.998826
15.380000	1.999685	1.998884
15.390000	1.999631	1.998941
15.400000	1.999577	1.998998
15.410000	1.999525	1.999055
15.420000	1.999473	1.999112
15.430000	1.999421	1.999168
15.440000	1.999371	1.999225
15.450000	1.999321	1.999281
15.460000	1.999272	1.999337
15.470000	1.999223	1.999392
15.480000	1.999176	1.999448
15.490000	1.999129	1.999503
15.500000	1.999083	1.999557
15.510000	1.999038	1.999612
15.520000	1.998994	1.999666
15.530000	1.998950	1.999719
15.540000	1.998907	1.999773
15.550000	1.998865	1.999825
15.560000	1.998825	1.999878
15.570000	1.998784	1.999930
15.580000	1.998745	1.999981
15.590000	1.998707	2.000032
15.600000	1.998669	2.000082
15.610000	1.998633	2.000132
15.620000	1.998597	2.000182
15.630000	1.998562	2.000230
15.640000	1.998528	2.000279
15.650000	1.998495	2.000326
15.660000	1.998463	2.000373
15.670000	1.998432	2.000420
15.680000	1.998402	2.000466
15.690000	1.998373	2.000511
15.700000	1.998344	2.000556
15.710000	1.998317	2.000600
15.720000	1.998290	2.000643
15.730000	1.998265	2.000686
15.740000	1.998240	2.000728
15.750000	1.998216	2.000769
15.760000	1.998194	2.000810
15.770000	1.998172	2.000849
15.780000	1.998151	2.000889
15.790000	1.998131	2.000927
15.800000	1.998112	2.000965
15.810000	1.998094	2.001002
15.820000	1.998077	2.001038
15.830000	1.998061	2.001073
15.840000	1.998046	2.001108
15.850000	1.998031	2.001142
15.860000	1.998018	2.001175
15.870000	1.998005	2.001207
15.880000	1.997994	2.001239
15.890000	1.997983	2.001269
15.900000	1.997973	2.001299
15.910000	1.997964	2.001328
15.920000	1.997957	2.001357
15.930000	1.997949	2.001384
15.940000	1.997943	2.001411
15.950000	1.997938	2.001437
15.960000	1.997934	2.001462
15.970000	1.997930	2.001486
15.980000	1.997927	2.001509
15.990000	1.997925	2.001532
16.000000	1.997924	2.001554
16.010000	1.997924	2.001575
16.020000	1.997925	2.001595
16.030000	1.997926	2.001614
16.040000	1.997929	2.001632
16.050000	1.997932	2.001650
16.060000	1.997936	2.001667
16.070000	1.997940	2.001683
16.080000	1.997946	2.001698
16.090000	1.997952	2.001712
16.100000	1.997959	2.001726
16.110000	1.997967	2.001738
16.120000	1.997975	2.001750
16.130000	1.997985	2.001761
16.140000	1.997995	2.001771
16.150000	1.998005	2.001781
16.160000	1.998016	2.001789
16.170000	1.998029	2.001797
16.180000	1.998041	2.001804
16.190000	1.998055	2.001811
16.200000	1.998069	2.001816
16.210000	1.998083	2.001821
16.220000	1.998098	2.001825
16.230000	1.998114	2.001828
16.240000	1.998131	2.001830
16.250000	1.998148	2.001832
16.260000	1.998165	2.001833
16.270000	1.998184	2.001833
16.280000	1.998202	2.001832
16.290000	1.998222	2.001831
16.300000	1.998242	2.001829
16.310000	1.998262	2.001826
16.320000	1.998283	2.001823
16.330000	1.998304	2.001819
16.340000	1.998326	2.001814
16.350000	1.998348	2.001808
16.360000	1.998371	2.001802
16.370000	1.998394	2.001795
16.380000	1.998417	2.001788
16.390000	1.998441	2.001779
16.400000	1.998466	2.001771
16.410000	1.998491	2.001761
16.420000	1.998516	2.001751
16.430000	1.998541	2.001741
16.440000	1.998567	2.001729
16.450000	1.998593	2.001718
16.460000	1.998619	2.001705
16.470000	1.998646	2.001692
16.480000	1.998673	2.001679
16.490000	1.998701	2.001665
16.500000	1.998728	2.001650
16.510000	1.998756	2.001635
16.520000	1.998784	2.001620
16.530000	1.998812	2.001604
16.540000	1.998841	2.001587
16.550000	1.998869	2.001570
16.560000	1.998898	2.001552
16.570000	1.998927	2.001534
16.580000	1.998956	2.001516
16.590000	1.998986	2.001497
16.600000	1.999015	2.001478
16.610000	1.999045	2.001458
16.620000	1.999074	2.001438
16.630000	1.999104	2.001418
16.640000	1.999134	2.001397
16.650000	1.999163	2.001376
16.660000	1.999193	2.001354
16.670000	1.999223	2.001332
16.680000	1.999253	2.001310
16.690000	1.999283	2.001288
16.700000	1.999313	2.001265
16.710000	1.999343	2.001242
16.720000	1.999373	2.001218
16.730000	1.999403	2.001195
16.740000	1.999433	2.001171
16.750000	1.999463	2.001147
16.760000	1.999492	2.001122
16.770000	1.999522	2.001098
16.780000	1.999552	2.001073
16.790000	1.999581	2.001048
16.800000	1.999610	2.001023
16.810000	1.999640	2.000998
16.820000	1.999669	2.000972
16.830000	1.999698	2.000946
16.840000	1.999726	2.000921
16.850000	1.999755	2.000895
16.860000	1.999783	2.000869
16.870000	1.999812	2.000843
16.880000	1.999840	2.000817
16.890000	1.999868	2.000790
16.900000	1.999895	2.000764
16.910000	1.999923	2.000738
16.920000	1.999950	2.000711
16.930000	1.999977	2.000685
16.940000	2.000003	2.000658
16.950000	2.000030	2.000632
16.960000	2.000056	2.000605
16.970000	2.000082	2.000579
16.980000	2.000108	2.000552
16.990000	2.000133	2.000526
17.000000	2.000158	2.000500
17.010000	2.000183	2.000473
17.020000	2.000207	2.000447
17.030000	2.000231	2.000421
17.040000	2.000255	2.000395
17.050000	2.000278	2.000369
17.060000	2.000301	2.000343
17.070000	2.000324	2.000317
17.080000	2.000347	2.000292
17.090000	2.000369	2.000266
17.100000	2.000390	2.000241
17.110000	2.000412	2.000215
17.120000	2.000433	2.000190
17.130000	2.000453	2.000165
17.140000	2.000474	2.000141
17.150000	2.000493	2.000116
17.160000	2.000513	2.000092
17.170000	2.000532	2.000067
17.180000	2.000551	2.000043
17.190000	2.000569	2.000020
17.200000	2.000587	1.999996
17.210000	2.000604	1.999973
17.220000	2.000621	1.999950
17.230000	2.000638	1.999927
17.240000	2.000654	1.999904
17.250000	2.000670	1.999882
17.260000	2.000685	1.999860
17.270000	2.000700	1.999838
17.280000	2.000715	1.999817
17.290000	2.000729	1.999795
17.300000	2.000743	1.999774
17.310000	2.000756	1.999754
17.320000	2.000769	1.999733
17.330000	2.000781	1.999713
17.340000	2.000793	1.999693
17.350000	2.000805	1.999674
17.360000	2.000816	1.999655
17.370000	2.000826	1.999636
17.380000	2.000837	1.999617
17.390000	2.000846	1.999599
17.400000	2.000856	1.999581
17.410000	2.000865	1.999564
17.420000	2.000873	1.999547
17.430000	2.000881	1.999530
17.440000	2.000889	1.999514
17.450000	2.000896	1.999498
17.460000	2.000903	1.999482
17.470000	2.000909	1.999466
17.480000	2.000915	1.999451
17.490000	2.000921	1.999437
17.500000	2.000926	1.999422
17.510000	2.000930	1.999409
17.520000	2.000935	1.999395
17.530000	2.000938	1.999382
17.540000	2.000942	1.999369
17.550000	2.000945	1.999357
17.560000	2.000947	1.999345
17.570000	2.000950	1.999333
17.580000	2.000951	1.999322
17.590000	2.000953	1.999311
17.600000	2.000954	1.999300
17.610000	2.000954	1.999290
17.620000	2.000955	1.999280
17.630000	2.000954	1.999271
17.640000	2.000954	1.999262
17.650000	2.000953	1.999253
17.660000	2.000952	1.999245
17.670000	2.000950	1.999237
17.680000	2.000948	1.999230
17.690000	2.000946	1.999223
17.700000	2.000943	1.999216
17.710000	2.000940	1.999209
17.720000	2.000936	1.999204
17.730000	2.000933	1.999198
17.740000	2.000928	1.999193
17.750000	2.000924	1.999188
17.760000	2.000919	1.999183
17.770000	2.000914	1.999179
17.780000	2.000909	1.999176
17.790000	2.000903	1.999172
17.800000	2.000897	1.999169
17.810000	2.000891	1.999167
17.820000	2.000884	1.999164
17.830000	2.000877	1.999162
17.840000	2.000870	1.999161
17.850000	2.000862	1.999160
17.860000	2.000855	1.999159
17.870000	2.000847	1.999158
17.880000	2.000838	1.999158
17.890000	2.000830	1.999158
17.900000	2.000821	1.999159
17.910000	2.000812	1.999160
17.920000	2.000803	1.999161
17.930000	2.000793	1.999162
17.940000	2.000783	1.999164
17.950000	2.000774	1.999166
17.960000	2.000763	1.999169
17.970000	2.000753	1.999171
17.980000	2.000742	1.999174
17.990000	2.000732	1.999178
18.000000	2.000721	1.999181
18.010000	2.000710	1.999185
18.020000	2.000698	1.999189
18.030000	2.000687	1.999194
18.040000	2.000675	1.999199
18.050000	2.000663	1.999204
18.060000	2.000651	1.999209
18.070000	2.000639	1.999215
18.080000	2.000627	1.999221
18.090000	2.000615	1.999227
18.100000	2.000602	1.999233
18.110000	2.000589	1.999240
18.120000	2.000577	1.999246
18.130000	2.000564	1.999254
18.140000	2.000551	1.999261
18.150000	2.000538	1.999268
18.160000	2.000525	1.999276
18.170000	2.000511	1.999284
18.180000	2.000498	1.999292
18.190000	2.000485	1.999301
18.200000	2.000471	1.999309
18.210000	2.000458	1.999318
18.220000	2.000444	1.999327
18.230000	2.000431	1.999336
18.240000	2.000417	1.999346
18.250000	2.000403	1.999355
18.260000	2.000390	1.999365
18.270000	2.000376	1.999375
18.280000	2.000362	1.999385
18.290000	2.000349	1.999395
18.300000	2.000335	1.999405
18.310000	2.000321	1.999415
18.320000	2.000307	1.999426
18.330000	2.000293	1.999437
18.340000	2.000280	1.999447
18.350000	2.000266	1.999458
18.360000	2.000252	1.999469
18.370000	2.000239	1.999480
18.380000	2.000225	1.999492
18.390000	2.000211	1.999503
18.400000	2.000198	1.999514
18.410000	2.000184	1.999526
18.420000	2.000171	1.999538
18.430000	2.000158	1.999549
18.440000	2.000144	1.999561
18.450000	2.000131	1.999573
18.460000	2.000118	1.999585
18.470000	2.000105	1.999596
18.480000	2.000092	1.999608
18.490000	2.000079	1.999620
18.500000	2.000066	1.999632
18.510000	2.000053	1.999645
18.520000	2.000041	1.999657
18.530000	2.000028	1.999669
18.540000	2.000016	1.999681
18.550000	2.000004	1.999693
18.560000	1.999991	1.999705
18.570000	1.999979	1.999717
18.580000	1.999967	1.999729
18.590000	1.999956	1.999742
18.600000	1.999944	1.999754
18.610000	1.999932	1.999766
18.620000	1.999921	1.999778
18.630000	1.999910	1.999790
18.640000	1.999899	1.999802
18.650000	1.999888	1.999814
18.660000	1.999877	1.999826
18.670000	1.999866	1.999838
18.680000	1.999856	1.999850
18.690000	1.999845	1.999861
18.700000	1.999835	1.999873
18.710000	1.999825	1.999885
18.720000	1.999815	1.999896
18.730000	1.999806	1.999908
18.740000	1.999796	1.999919
18.750000	1.999787	1.999931
18.760000	1.999778	1.999942
18.770000	1.999769	1.999953
18.780000	1.999760	1.999964
18.790000	1.999751	1.999975
18.800000	1.999743	1.999986
18.810000	1.999734	1.999997
18.820000	1.999726	2.000008
18.830000	1.999718	2.000019
18.840000	1.999711	2.000029
18.850000	1.999703	2.000039
18.860000	1.999696	2.000050
18.870000	1.999689	2.000060
18.880000	1.999682	2.000070
18.890000	1.999675	2.000080
18.900000	1.999669	2.000090
18.910000	1.999662	2.000099
18.920000	1.999656	2.000109
18.930000	1.999650	2.000118
18.940000	1.999644	2.000128
18.950000	1.999639	2.000137
18.960000	1.999633	2.000146
18.970000	1.999628	2.000155
18.980000	1.999623	2.000163
18.990000	1.999618	2.000172
19.000000	1.999614	2.000180
19.010000	1.999609	2.000188
19.020000	1.999605	2.000196
19.030000	1.999601	2.000204
19.040000	1.999598	2.000212
19.050000	1.999594	2.000220
19.060000	1.999591	2.000227
19.070000	1.999587	2.000235
19.080000	1.999584	2.000242
19.090000	1.999582	2.000249
19.100000	1.999579	2.000255
19.110000	1.999577	2.000262
19.120000	1.999574	2.000268
19.130000	1.999572	2.000275
19.140000	1.999570	2.000281
19.150000	1.999569	2.000287
19.160000	1.999567	2.000293
19.170000	1.999566	2.000298
19.180000	1.999565	2.000304
19.190000	1.999564	2.000309
19.200000	1.999563	2.000314
19.210000	1.999563	2.000319
19.220000	1.999562	2.000324
19.230000	1.999562	2.000328
19.240000	1.999562	2.000333
19.250000	1.999562	2.000337
19.260000	1.999563	2.000341
19.270000	1.999563	2.000345
19.280000	1.999564	2.000348
19.290000	1.999565	2.000352
19.300000	1.999566	2.000355
19.310000	1.999567	2.000358
19.320000	1.999568	2.000361
19.330000	1.999570	2.000364
19.340000	1.999571	2.000367
19.350000	1.999573	2.000369
19.360000	1.999575	2.000372
19.370000	1.999577	2.000374
19.380000	1.999580	2.000376
19.390000	1.999582	2.000377
19.400000	1.999585	2.000379
19.410000	1.999587	2.000381
19.420000	1.999590	2.000382
19.430000	1.999593	2.000383
19.440000	1.999596	2.000384
19.450000	1.999599	2.000385
19.460000	1.999603	2.000385
19.470000	1.999606	2.000386
19.480000	1.999610	2.000386
19.490000	1.999614	2.000386
19.500000	1.999618	2.000386
19.510000	1.999622	2.000386
19.520000	1.999626	2.000386
19.530000	1.999630	2.000385
19.540000	1.999634	2.000385
19.550000	1.999639	2.000384
19.560000	1.999643	2.000383
19.570000	1.999648	2.000382
19.580000	1.999652	2.000381
19.590000	1.999657	2.000380
19.600000	1.999662	2.000378
19.610000	1.999667	2.000377
19.620000	1.999672	2.000375
19.630000	1.999677	2.000373
19.640000	1.999683	2.000371
19.650000	1.999688	2.000369
19.660000	1.999693	2.000367
19.670000	1.999699	2.000364
19.680000	1.999704	2.000362
19.690000	1.999710	2.000359
19.700000	1.999715	2.000356
19.710000	1.999721	2.000353
19.720000	1.999727	2.000350
19.730000	1.999733	2.000347
19.740000	1.999739	2.000344
19.750000	1.999744	2.000341
19.760000	1.999750	2.000337
19.770000	1.999756	2.000334
19.780000	1.999763	2.000330
19.790000	1.999769	2.000327
19.800000	1.999775	2.000323
19.810000	1.999781	2.000319
19.820000	1.999787	2.000315
19.830000	1.999793	2.000311
19.840000	1.999799	2.000307
19.850000	1.999806	2.000302
19.860000	1.999812	2.000298
19.870000	1.999818	2.000294
19.880000	1.999825	2.000289
19.890000	1.999831	2.000285
19.900000	1.999837	2.000280
19.910000	1.999843	2.000275
19.920000	1.999850	2.000271
19.930000	1.999856	2.000266
19.940000	1.999862	2.000261
19.950000	1.999869	2.000256
19.960000	1.999875	2.000251
19.970000	1.999881	2.000246
19.980000	1.999888	2.000241
19.990000	1.999894	2.000236
20.000000	1.999900	2.000231
20.010000	1.999906	2.000225
20.020000	1.999913	2.000220
20.030000	1.999919	2.000215
20.040000	1.999925	2.000209
20.050000	1.999931	2.000204
20.060000	1.999937	2.000199
20.070000	1.999943	2.000193
20.080000	1.999949	2.000188
20.090000	1.999955	2.000182
20.100000	1.999961	2.000177
20.110000	1.999967	2.000171
20.120000	1.999973	2.000166
20.130000	1.999979	2.000160
20.140000	1.999984	2.000155
20.150000	1.999990	2.000149
20.160000	1.999996	2.000143
20.170000	2.000001	2.000138
20.180000	2.000007	2.000132
20.190000	2.000013	2.000127
20.200000	2.000018	2.000121
20.210000	2.000023	2.000116
20.220000	2.000029	2.000110
20.230000	2.000034	2.000105
20.240000	2.000039	2.000099
20.250000	2.000044	2.000093
20.260000	2.000049	2.000088
20.270000	2.000054	2.000082
20.280000	2.000059	2.000077
20.290000	2.000064	2.000072
20.300000	2.000069	2.000066
20.310000	2.000074	2.000061
20.320000	2.000078	2.000055
20.330000	2.000083	2.000050
20.340000	2.000087	2.000045
20.350000	2.000092	2.000039
20.360000	2.000096	2.000034
20.370000	2.000100	2.000029
20.380000	2.000104	2.000024
20.390000	2.000109	2.000019
20.400000	2.000113	2.000014
20.410000	2.000116	2.000009
20.420000	2.000120	2.000004
20.430000	2.000124	1.999999
20.440000	2.000128	1.999994
20.450000	2.000131	1.999989
20.460000	2.000135	1.999984
20.470000	2.000138	1.999979
20.480000	2.000141	1.999975
20.490000	2.000145	1.999970
20.500000	2.000148	1.999965
20.510000	2.000151	1.999961
20.520000	2.000154	1.999956
20.530000	2.000157	1.999952
20.540000	2.000160	1.999948
20.550000	2.000162	1.999943
20.560000	2.000165	1.999939
20.570000	2.000167	1.999935
20.580000	2.000170	1.999931
20.590000	2.000172	1.999927
20.600000	2.000174	1.999923
20.610000	2.000176	1.999919
20.620000	2.000178	1.999915
20.630000	2.000180	1.999911
20.640000	2.000182	1.999908
20.650000	2.000184	1.999904
20.660000	2.000186	1.999901
20.670000	2.000187	1.999897
20.680000	2.000189	1.999894
20.690000	2.000190	1.999890
20.700000	2.000192	1.999887
20.710000	2.000193	1.999884
20.720000	2.000194	1.999881
20.730000	2.000195	1.999878
20.740000	2.000196	1.999875
20.750000	2.000197	1.999872
20.760000	2.000198	1.999869
20.770000	2.000198	1.999867
20.780000	2.000199	1.999864
20.790000	2.000200	1.999862
20.800000	2.000200	1.999859
20.810000	2.000200	1.999857
20.820000	2.000201	1.999855
20.830000	2.000201	1.999852
20.840000	2.000201	1.999850
20.850000	2.000201	1.999848
20.860000	2.000201	1.999846
20.870000	2.000201	1.999844
20.880000	2.000201	1.999842
20.890000	2.000200	1.999841
20.900000	2.000200	1.999839
20.910000	2.000200	1.999838
20.920000	2.000199	1.999836
20.930000	2.000199	1.999835
20.940000	2.000198	1.999833
20.950000	2.000197	1.999832
20.960000	2.000196	1.999831
20.970000	2.000195	1.999830
20.980000	2.000195	1.999829
20.990000	2.000193	1.999828
21.000000	2.000192	1.999827
21.010000	2.000191	1.999826
21.020000	2.000190	1.999826
21.030000	2.000189	1.999825
21.040000	2.000187	1.999824
21.050000	2.000186	1.999824
21.060000	2.000185	1.999824
21.070000	2.000183	1.999823
21.080000	2.000181	1.999823
21.090000	2.000180	1.999823
21.100000	2.000178	1.999823
21.110000	2.000176	1.999823
21.120000	2.000175	1.999823
21.130000	2.000173	1.999823
21.140000	2.000171	1.999823
21.150000	2.000169	1.999823
21.160000	2.000167	1.999824
21.170000	2.000165	1.999824
21.180000	2.000163	1.999824
21.190000	2.000161	1.999825
21.200000	2.000158	1.999825
21.210000	2.000156	1.999826
21.220000	2.000154	1.999827
21.230000	2.000152	1.999828
21.240000	2.000149	1.999828
21.250000	2.000147	1.999829
21.260000	2.000144	1.999830
21.270000	2.000142	1.999831
21.280000	2.000139	1.999832
21.290000	2.000137	1.999833
21.300000	2.000134	1.999835
21.310000	2.000132	1.999836
21.320000	2.000129	1.999837
21.330000	2.000127	1.999839
21.340000	2.000124	1.999840
21.350000	2.000121	1.999841
21.360000	2.000118	1.999843
21.370000	2.000116	1.999844
21.380000	2.000113	1.999846
21.390000	2.000110	1.999848
21.400000	2.000107	1.999849
21.410000	2.000105	1.999851
21.420000	2.000102	1.999853
21.430000	2.000099	1.999855
21.440000	2.000096	1.999857
21.450000	2.000093	1.999858
21.460000	2.000090	1.999860
21.470000	2.000088	1.999862
21.480000	2.000085	1.999864
21.490000	2.000082	1.999866
21.500000	2.000079	1.999868
21.510000	2.000076	1.999871
21.520000	2.000073	1.999873
21.530000	2.000070	1.999875
21.540000	2.000067	1.999877
21.550000	2.000064	1.999879
21.560000	2.000062	1.999882
21.570000	2.000059	1.999884
21.580000	2.000056	1.999886
21.590000	2.000053	1.999888
21.600000	2.000050	1.999891
21.610000	2.000047	1.999893
21.620000	2.000044	1.999896
21.630000	2.000041	1.999898
21.640000	2.000039	1.999900
21.650000	2.000036	1.999903
21.660000	2.000033	1.999905
21.670000	2.000030	1.999908
21.680000	2.000027	1.999910
21.690000	2.000025	1.999913
21.700000	2.000022	1.999915
21.710000	2.000019	1.999918
21.720000	2.000016	1.999920
21.730000	2.000014	1.999923
21.740000	2.000011	1.999925
21.750000	2.000008	1.999928
21.760000	2.000006	1.999930
21.770000	2.000003	1.999933
21.780000	2.000000	1.999936
21.790000	1.999998	1.999938
21.800000	1.999995	1.999941
21.810000	1.999993	1.999943
21.820000	1.999990	1.999946
21.830000	1.999988	1.999948
21.840000	1.999985	1.999951
21.850000	1.999983	1.999953
21.860000	1.999981	1.999956
21.870000	1.999978	1.999959
21.880000	1.999976	1.999961
21.890000	1.999974	1.999964
21.900000	1.999972	1.999966
21.910000	1.999969	1.999969
21.920000	1.999967	1.999971
21.930000	1.999965	1.999974
21.940000	1.999963	1.999976
21.950000	1.999961	1.999978
21.960000	1.999959	1.999981
21.970000	1.999957	1.999983
21.980000	1.999955	1.999986
21.990000	1.999953	1.999988
22.000000	1.999951	1.999990
22.010000	1.999949	1.999993
22.020000	1.999947	1.999995
22.030000	1.999946	1.999997
22.040000	1.999944	2.000000
22.050000	1.999942	2.000002
22.060000	1.999940	2.000004
22.070000	1.999939	2.000006
22.080000	1.999937	2.000009
22.090000	1.999936	2.000011
22.100000	1.999934	2.000013
22.110000	1.999933	2.000015
22.120000	1.999931	2.000017
22.130000	1.999930	2.000019
22.140000	1.999929	2.000021
22.150000	1.999927	2.000023
22.160000	1.999926	2.000025
22.170000	1.999925	2.000027
22.180000	1.999924	2.000029
22.190000	1.999923	2.000031
22.200000	1.999922	2.000033
22.210000	1.999920	2.000035
22.220000	1.999919	2.000036
22.230000	1.999919	2.000038
22.240000	1.999918	2.000040
22.250000	1.999917	2.000042
22.260000	1.999916	2.000043
22.270000	1.999915	2.000045
22.280000	1.999914	2.000047
22.290000	1.999914	2.000048
22.300000	1.999913	2.000050
22.310000	1.999912	2.000051
22.320000	1.999912	2.000053
22.330000	1.999911	2.000054
22.340000	1.999911	2.000055
22.350000	1.999910	2.000057
22.360000	1.999910	2.000058
22.370000	1.999909	2.000059
22.380000	1.999909	2.000061
22.390000	1.999909	2.000062
22.400000	1.999909	2.000063
22.410000	1.999908	2.000064
22.420000	1.999908	2.000065
22.430000	1.999908	2.000066
22.440000	1.999908	2.000067
22.450000	1.999908	2.000068
22.460000	1.999908	2.000069
22.470000	1.999908	2.000070
22.480000	1.999908	2.000071
22.490000	1.999908	2.000072
22.500000	1.999908	2.000073
22.510000	1.999908	2.000074
22.520000	1.999908	2.000074
22.530000	1.999909	2.000075
22.540000	1.999909	2.000076
22.550000	1.999909	2.000076
22.560000	1.999909	2.000077
22.570000	1.999910	2.000077
22.580000	1.999910	2.000078
22.590000	1.999911	2.000078
22.600000	1.999911	2.000079
22.610000	1.999911	2.000079
22.620000	1.999912	2.000080
22.630000	1.999913	2.000080
22.640000	1.999913	2.000080
22.650000	1.999914	2.000080
22.660000	1.999914	2.000081
22.670000	1.999915	2.000081
22.680000	1.999916	2.000081
22.690000	1.999916	2.000081
22.700000	1.999917	2.000081
22.710000	1.999918	2.000081
22.720000	1.999919	2.000081
22.730000	1.999920	2.000081
22.740000	1.999920	2.000081
22.750000	1.999921	2.000081
22.760000	1.999922	2.000081
22.770000	1.999923	2.000081
22.780000	1.999924	2.000081
22.790000	1.999925	2.000081
22.800000	1.999926	2.000080
22.810000	1.999927	2.000080
22.820000	1.999928	2.000080
22.830000	1.999929	2.000080
22.840000	1.999930	2.000079
22.850000	1.999931	2.000079
22.860000	1.999932	2.000079
22.870000	1.999933	2.000078
22.880000	1.999934	2.000078
22.890000	1.999935	2.000077
22.900000	1.999937	2.000077
22.910000	1.999938	2.000076
22.920000	1.999939	2.000076
22.930000	1.999940	2.000075
22.940000	1.999941	2.000074
22.950000	1.999943	2.000074
22.960000	1.999944	2.000073
22.970000	1.999945	2.000072
22.980000	1.999946	2.000072
22.990000	1.999948	2.000071
23.000000	1.999949	2.000070
23.010000	1.999950	2.000069
23.020000	1.999951	2.000069
23.030000	1.999953	2.000068
23.040000	1.999954	2.000067
23.050000	1.999955	2.000066
23.060000	1.999957	2.000065
23.070000	1.999958	2.000064
23.080000	1.999959	2.000064
23.090000	1.999961	2.000063
23.100000	1.999962	2.000062
23.110000	1.999963	2.000061
23.120000	1.999965	2.000060
23.130000	1.999966	2.000059
23.140000	1.999967	2.000058
23.150000	1.999969	2.000057
23.160000	1.999970	2.000056
23.170000	1.999971	2.000055
23.180000	1.999973	2.000054
23.190000	1.999974	2.000053
23.200000	1.999975	2.000052
23.210000	1.999976	2.000051
23.220000	1.999978	2.000050
23.230000	1.999979	2.000048
23.240000	1.999980	2.000047
23.250000	1.999982	2.000046
23.260000	1.999983	2.000045
23.270000	1.999984	2.000044
23.280000	1.999986	2.000043
23.290000	1.999987	2.000042
23.300000	1.999988	2.000041
23.310000	1.999989	2.000039
23.320000	1.999991	2.000038
23.330000	1.999992	2.000037
23.340000	1.999993	2.000036
23.350000	1.999994	2.000035
23.360000	1.999996	2.000034
23.370000	1.999997	2.000032
23.380000	1.999998	2.000031
23.390000	1.999999	2.000030
23.400000	2.000000	2.000029
23.410000	2.000002	2.000028
23.420000	2.000003	2.000027
23.430000	2.000004	2.000025
23.440000	2.000005	2.000024
23.450000	2.000006	2.000023
23.460000	2.000007	2.000022
23.470000	2.000008	2.000021
23.480000	2.000009	2.000020
23.490000	2.000011	2.000018
23.500000	2.000012	2.000017
23.510000	2.000013	2.000016
23.520000	2.000014	2.000015
23.530000	2.000015	2.000014
23.540000	2.000016	2.000013
23.550000	2.000017	2.000012
23.560000	2.000018	2.000010
23.570000	2.000019	2.000009
23.580000	2.000019	2.000008
23.590000	2.000020	2.000007
23.600000	2.000021	2.000006
23.610000	2.000022	2.000005
23.620000	2.000023	2.000004
23.630000	2.000024	2.000003
23.640000	2.000025	2.000002
23.650000	2.000025	2.000001
23.660000	2.000026	2.000000
23.670000	2.000027	1.999999
23.680000	2.000028	1.999998
23.690000	2.000028	1.999997
23.700000	2.000029	1.999996
23.710000	2.000030	1.999995
23.720000	2.000031	1.999994
23.730000	2.000031	1.999993
23.740000	2.000032	1.999992
23.750000	2.000032	1.999991
23.760000	2.000033	1.999990
23.770000	2.000034	1.999989
23.780000	2.000034	1.999988
23.790000	2.000035	1.999987
23.800000	2.000035	1.999986
23.810000	2.000036	1.999985
23.820000	2.000036	1.999984
23.830000	2.000037	1.999984
23.840000	2.000037	1.999983
23.850000	2.000038	1.999982
23.860000	2.000038	1.999981
23.870000	2.000038	1.999980
23.880000	2.000039	1.999980
23.890000	2.000039	1.999979
23.900000	2.000040	1.999978
23.910000	2.000040	1.999978
23.920000	2.000040	1.999977
23.930000	2.000040	1.999976
23.940000	2.000041	1.999976
23.950000	2.000041	1.999975
23.960000	2.000041	1.999974
23.970000	2.000041	1.999974
23.980000	2.000042	1.999973
23.990000	2.000042	1.999972
24.000000	2.000042	1.999972
24.010000	2.000042	1.999971
24.020000	2.000042	1.999971
24.030000	2.000042	1.999970
24.040000	2.000042	1.999970
24.050000	2.000042	1.999969
24.060000	2.000042	1.999969
24.070000	2.000042	1.999968
24.080000	2.000042	1.999968
24.090000	2.000042	1.999968
24.100000	2.000042	1.999967
24.110000	2.000042	1.999967
24.120000	2.000042	1.999966
24.130000	2.000042	1.999966
24.140000	2.000042	1.999966
24.150000	2.000042	1.999965
24.160000	2.000042	1.999965
24.170000	2.000042	1.999965
24.180000	2.000042	1.999965
24.190000	2.000041	1.999964
24.200000	2.000041	1.999964
24.210000	2.000041	1.999964
24.220000	2.000041	1.999964
24.230000	2.000041	1.999964
24.240000	2.000040	1.999963
24.250000	2.000040	1.999963
24.260000	2.000040	1.999963
24.270000	2.000039	1.999963
24.280000	2.000039	1.999963
24.290000	2.000039	1.999963
24.300000	2.000039	1.999963
24.310000	2.000038	1.999963
24.320000	2.000038	1.999963
24.330000	2.000037	1.999963
24.340000	2.000037	1.999963
24.350000	2.000037	1.999963
24.360000	2.000036	1.999963
24.370000	2.000036	1.999963
24.380000	2.000036	1.999963
24.390000	2.000035	1.999963
24.400000	2.000035	1.999963
24.410000	2.000034	1.999963
24.420000	2.000034	1.999963
24.430000	2.000033	1.999963
24.440000	2.000033	1.999963
24.450000	2.000032	1.999964
24.460000	2.000032	1.999964
24.470000	2.000031	1.999964
24.480000	2.000031	1.999964
24.490000	2.000030	1.999964
24.500000	2.000030	1.999964
24.510000	2.000029	1.999965
24.520000	2.000029	1.999965
24.530000	2.000028	1.999965
24.540000	2.000028	1.999965
24.550000	2.000027	1.999966
24.560000	2.000027	1.999966
24.570000	2.000026	1.999966
24.580000	2.000025	1.999967
24.590000	2.000025	1.999967
24.600000	2.000024	1.999967
24.610000	2.000024	1.999968
24.620000	2.000023	1.999968
24.630000	2.000023	1.999968
24.640000	2.000022	1.999969
24.650000	2.000021	1.999969
24.660000	2.000021	1.999969
24.670000	2.000020	1.999970
24.680000	2.000020	1.999970
24.690000	2.000019	1.999971
24.700000	2.000018	1.999971
24.710000	2.000018	1.999971
24.720000	2.000017	1.999972
24.730000	2.000017	1.999972
24.740000	2.000016	1.999973
24.750000	2.000015	1.999973
24.760000	2.000015	1.999974
24.770000	2.000014	1.999974
24.780000	2.000013	1.999975
24.790000	2.000013	1.999975
24.800000	2.000012	1.999976
24.810000	2.000012	1.999976
24.820000	2.000011	1.999977
24.830000	2.000010	1.999977
24.840000	2.000010	1.999978
24.850000	2.000009	1.999978
24.860000	2.000009	1.999979
24.870000	2.000008	1.999979
24.880000	2.000007	1.999980
24.890000	2.000007	1.999980
24.900000	2.000006	1.999981
24.910000	2.000006	1.999981
24.920000	2.000005	1.999982
24.930000	2.000005	1.999982
24.940000	2.000004	1.999983
24.950000	2.000003	1.999983
24.960000	2.000003	1.999984
24.970000	2.000002	1.999984
24.980000	2.000002	1.999985
24.990000	2.000001	1.999985
25.000000	2.000001	1.999986
25.010000	2.000000	1.999986
25.020000	1.999999	1.999987
25.030000	1.999999	1.999988
25.040000	1.999998	1.999988
25.050000	1.999998	1.999989
25.060000	1.999997	1.999989
25.070000	1.999997	1.999990
25.080000	1.999996	1.999990
25.090000	1.999996	1.999991
25.100000	1.999995	1.999991
25.110000	1.999995	1.999992
25.120000	1.999994	1.999992
25.130000	1.999994	1.999993
25.140000	1.999993	1.999993
25.150000	1.999993	1.999994
25.160000	1.999993	1.999994
25.170000	1.999992	1.999995
25.180000	1.999992	1.999996
25.190000	1.999991	1.999996
25.200000	1.999991	1.999997
25.210000	1.999990	1.999997
25.220000	1.999990	1.999998
25.230000	1.999990	1.999998
25.240000	1.999989	1.999999
25.250000	1.999989	1.999999
25.260000	1.999988	2.000000
25.270000	1.999988	2.000000
25.280000	1.999988	2.000000
25.290000	1.999987	2.000001
25.300000	1.999987	2.000001
25.310000	1.999987	2.000002
25.320000	1.999986	2.000002
25.330000	1.999986	2.000003
25.340000	1.999986	2.000003
25.350000	1.999986	2.000004
25.360000	1.999985	2.000004
25.370000	1.999985	2.000005
25.380000	1.999985	2.000005
25.390000	1.999984	2.000005
25.400000	1.999984	2.000006
25.410000	1.999984	2.000006
25.420000	1.999984	2.000007
25.430000	1.999983	2.000007
25.440000	1.999983	2.000007
25.450000	1.999983	2.000008
25.460000	1.999983	2.000008
25.470000	1.999983	2.000008
25.480000	1.999982	2.000009
25.490000	1.999982	2.000009
25.500000	1.999982	2.000010
25.510000	1.999982	2.000010
25.520000	1.999982	2.000010
25.530000	1.999982	2.000010
25.540000	1.999982	2.000011
25.550000	1.999981	2.000011
25.560000	1.999981	2.000011
25.570000	1.999981	2.000012
25.580000	1.999981	2.000012
25.590000	1.999981	2.000012
25.600000	1.999981	2.000013
25.610000	1.999981	2.000013
25.620000	1.999981	2.000013
25.630000	1.999981	2.000013
25.640000	1.999981	2.000014
25.650000	1.999981	2.000014
25.660000	1.999981	2.000014
25.670000	1.999981	2.000014
25.680000	1.999981	2.000014
25.690000	1.999981	2.000015
25.700000	1.999981	2.000015
25.710000	1.999981	2.000015
25.720000	1.999981	2.000015
25.730000	1.999981	2.000015
25.740000	1.999981	2.000016
25.750000	1.999981	2.000016
25.760000	1.999981	2.000016
25.770000	1.999981	2.000016
25.780000	1.999981	2.000016
25.790000	1.999981	2.000016
25.800000	1.999981	2.000016
25.810000	1.999981	2.000016
25.820000	1.999981	2.000017
25.830000	1.999981	2.000017
25.840000	1.999981	2.000017
25.850000	1.999981	2.000017
25.860000	1.999982	2.000017
25.870000	1.999982	2.000017
25.880000	1.999982	2.000017
25.890000	1.999982	2.000017
25.900000	1.999982	2.000017
25.910000	1.999982	2.000017
25.920000	1.999982	2.000017
25.930000	1.999983	2.000017
25.940000	1.999983	2.000017
25.950000	1.999983	2.000017
25.960000	1.999983	2.000017
25.970000	1.999983	2.000017
25.980000	1.999983	2.000017
25.990000	1.999984	2.000017
26.000000	1.999984	2.000017
26.010000	1.999984	2.000017
26.020000	1.999984	2.000017
26.030000	1.999984	2.000017
26.040000	1.999985	2.000017
26.050000	1.999985	2.000017
26.060000	1.999985	2.000017
26.070000	1.999985	2.000017
26.080000	1.999985	2.000017
26.090000	1.999986	2.000017
26.100000	1.999986	2.000016
26.110000	1.999986	2.000016
26.120000	1.999986	2.000016
26.130000	1.999987	2.000016
26.140000	1.999987	2.000016
26.150000	1.999987	2.000016
26.160000	1.999987	2.000016
26.170000	1.999988	2.000016
26.180000	1.999988	2.000016
26.190000	1.999988	2.000015
26.200000	1.999988	2.000015
26.210000	1.999989	2.000015
26.220000	1.999989	2.000015
26.230000	1.999989	2.000015
26.240000	1.999990	2.000015
26.250000	1.999990	2.000014
26.260000	1.999990	2.000014
26.270000	1.999990	2.000014
26.280000	1.999991	2.000014
26.290000	1.999991	2.000014
26.300000	1.999991	2.000014
26.310000	1.999991	2.000013
26.320000	1.999992	2.000013
26.330000	1.999992	2.000013
26.340000	1.999992	2.000013
26.350000	1.999993	2.000013
26.360000	1.999993	2.000012
26.370000	1.999993	2.000012
26.380000	1.999993	2.000012
26.390000	1.999994	2.000012
26.400000	1.999994	2.000012
26.410000	1.999994	2.000011
26.420000	1.999995	2.000011
26.430000	1.999995	2.000011
26.440000	1.999995	2.000011
26.450000	1.999995	2.000010
26.460000	1.999996	2.000010
26.470000	1.999996	2.000010
26.480000	1.999996	2.000010
26.490000	1.999996	2.000009
26.500000	1.999997	2.000009
26.510000	1.999997	2.000009
26.520000	1.999997	2.000009
26.530000	1.999998	2.000009
26.540000	1.999998	2.000008
26.550000	1.999998	2.000008
26.560000	1.999998	2.000008
26.570000	1.999999	2.000008
26.580000	1.999999	2.000007
26.590000	1.999999	2.000007
26.600000	1.999999	2.000007
26.610000	2.000000	2.000007
26.620000	2.000000	2.000006
26.630000	2.000000	2.000006
26.640000	2.000000	2.000006
26.650000	2.000001	2.000006
26.660000	2.000001	2.000005
26.670000	2.000001	2.000005
26.680000	2.000001	2.000005
26.690000	2.000002	2.000005
26.700000	2.000002	2.000004
26.710000	2.000002	2.000004
26.720000	2.000002	2.000004
26.730000	2.000002	2.000004
26.740000	2.000003	2.000003
26.750000	2.000003	2.000003
26.760000	2.000003	2.000003
26.770000	2.000003	2.000003
26.780000	2.000004	2.000002
26.790000	2.000004	2.000002
26.800000	2.000004	2.000002
26.810000	2.000004	2.000002
26.820000	2.000004	2.000001
26.830000	2.000004	2.000001
26.840000	2.000005	2.000001
26.850000	2.000005	2.000001
26.860000	2.000005	2.000001
26.870000	2.000005	2.000000
26.880000	2.000005	2.000000
26.890000	2.000006	2.000000
26.900000	2.000006	2.000000
26.910000	2.000006	1.999999
26.920000	2.000006	1.999999
26.930000	2.000006	1.999999
26.940000	2.000006	1.999999
26.950000	2.000006	1.999999
26.960000	2.000007	1.999998
26.970000	2.000007	1.999998
26.980000	2.000007	1.999998
26.990000	2.000007	1.999998
27.000000	2.000007	1.999998
27.010000	2.000007	1.999997
27.020000	2.000007	1.999997
27.030000	2.000007	1.999997
27.040000	2.000008	1.999997
27.050000	2.000008	1.999997
27.060000	2.000008	1.999997
27.070000	2.000008	1.999996
27.080000	2.000008	1.999996
27.090000	2.000008	1.999996
27.100000	2.000008	1.999996
27.110000	2.000008	1.999996
27.120000	2.000008	1.999996
27.130000	2.000008	1.999995
27.140000	2.000008	1.999995
27.150000	2.000008	1.999995
27.160000	2.000009	1.999995
27.170000	2.000009	1.999995
27.180000	2.000009	1.999995
27.190000	2.000009	1.999995
27.200000	2.000009	1.999994
27.210000	2.000009	1.999994
27.220000	2.000009	1.999994
27.230000	2.000009	1.999994
27.240000	2.000009	1.999994
27.250000	2.000009	1.999994
27.260000	2.000009	1.999994
27.270000	2.000009	1.999994
27.280000	2.000009	1.999994
27.290000	2.000009	1.999993
27.300000	2.000009	1.999993
27.310000	2.000009	1.999993
27.320000	2.000009	1.999993
27.330000	2.000009	1.999993
27.340000	2.000009	1.999993
27.350000	2.000009	1.999993
27.360000	2.000009	1.999993
27.370000	2.000009	1.999993
27.380000	2.000009	1.999993
27.390000	2.000009	1.999993
27.400000	2.000009	1.999993
27.410000	2.000009	1.999993
27.420000	2.000009	1.999992
27.430000	2.000009	1.999992
27.440000	2.000009	1.999992
27.450000	2.000009	1.999992
27.460000	2.000009	1.999992
27.470000	2.000008	1.999992
27.480000	2.000008	1.999992
27.490000	2.000008	1.999992
27.500000	2.000008	1.999992
27.510000	2.000008	1.999992
27.520000	2.000008	1.999992
27.530000	2.000008	1.999992
27.540000	2.000008	1.999992
27.550000	2.000008	1.999992
27.560000	2.000008	1.999992
27.570000	2.000008	1.999992
27.580000	2.000008	1.999992
27.590000	2.000008	1.999992
27.600000	2.000008	1.999992
27.610000	2.000007	1.999992
27.620000	2.000007	1.999992
27.630000	2.000007	1.999992
27.640000	2.000007	1.999992
27.650000	2.000007	1.999992
27.660000	2.000007	1.999992
27.670000	2.000007	1.999992
27.680000	2.000007	1.999992
27.690000	2.000007	1.999992
27.700000	2.000007	1.999992
27.710000	2.000006	1.999992
27.720000	2.000006	1.999992
27.730000	2.000006	1.999993
27.740000	2.000006	1.999993
27.750000	2.000006	1.999993
27.760000	2.000006	1.999993
27.770000	2.000006	1.999993
27.780000	2.000006	1.999993
27.790000	2.000006	1.999993
27.800000	2.000005	1.999993
27.810000	2.000005	1.999993
27.820000	2.000005	1.999993
27.830000	2.000005	1.999993
27.840000	2.000005	1.999993
27.850000	2.000005	1.999993
27.860000	2.000005	1.999993
27.870000	2.000005	1.999993
27.880000	2.000004	1.999993
27.890000	2.000004	1.999994
27.900000	2.000004	1.999994
27.910000	2.000004	1.999994
27.920000	2.000004	1.999994
27.930000	2.000004	1.999994
27.940000	2.000004	1.999994
27.950000	2.000004	1.999994
27.960000	2.000003	1.999994
27.970000	2.000003	1.999994
27.980000	2.000003	1.999994
27.990000	2.000003	1.999994
28.000000	2.000003	1.999995
28.010000	2.000003	1.999995
28.020000	2.000003	1.999995
28.030000	2.000003	1.999995
28.040000	2.000002	1.999995
28.050000	2.000002	1.999995
28.060000	2.000002	1.999995
28.070000	2.000002	1.999995
28.080000	2.000002	1.999995
28.090000	2.000002	1.999995
28.100000	2.000002	1.999996
28.110000	2.000002	1.999996
28.120000	2.000001	1.999996
28.130000	2.000001	1.999996
28.140000	2.000001	1.999996
28.150000	2.000001	1.999996
28.160000	2.000001	1.999996
28.170000	2.000001	1.999996
28.180000	2.000001	1.999996
28.190000	2.000001	1.999997
28.200000	2.000000	1.999997
28.210000	2.000000	1.999997
28.220000	2.000000	1.999997
28.230000	2.000000	1.999997
28.240000	2.000000	1.999997
28.250000	2.000000	1.999997
28.260000	2.000000	1.999997
28.270000	2.000000	1.999998
28.280000	2.000000	1.999998
28.290000	1.999999	1.999998
28.300000	1.999999	1.999998
28.310000	1.999999	1.999998
28.320000	1.999999	1.999998
28.330000	1.999999	1.999998
28.340000	1.999999	1.999998
28.350000	1.999999	1.999998
28.360000	1.999999	1.999999
28.370000	1.999999	1.999999
28.380000	1.999999	1.999999
28.390000	1.999998	1.999999
28.400000	1.999998	1.999999
28.410000	1.999998	1.999999
28.420000	1.999998	1.999999
28.430000	1.999998	1.999999
28.440000	1.999998	1.999999
28.450000	1.999998	1.999999
28.460000	1.999998	2.000000
28.470000	1.999998	2.000000
28.480000	1.999998	2.000000
28.490000	1.999998	2.000000
28.500000	1.999997	2.000000
28.510000	1.999997	2.000000
28.520000	1.999997	2.000000
28.530000	1.999997	2.000000
28.540000	1.999997	2.000000
28.550000	1.999997	2.000000
28.560000	1.999997	2.000001
28.570000	1.999997	2.000001
28.580000	1.999997	2.000001
28.590000	1.999997	2.000001
28.600000	1.999997	2.000001
28.610000	1.999997	2.000001
28.620000	1.999997	2.000001
28.630000	1.999997	2.000001
28.640000	1.999997	2.000001
28.650000	1.999997	2.000001
28.660000	1.999997	2.000001
28.670000	1.999996	2.000002
28.680000	1.999996	2.000002
28.690000	1.999996	2.000002
28.700000	1.999996	2.000002
28.710000	1.999996	2.000002
28.720000	1.999996	2.000002
28.730000	1.999996	2.000002
28.740000	1.999996	2.000002
28.750000	1.999996	2.000002
28.760000	1.999996	2.000002
28.770000	1.999996	2.000002
28.780000	1.999996	2.000002
28.790000	1.999996	2.000002
28.800000	1.999996	2.000002
28.810000	1.999996	2.000003
28.820000	1.999996	2.000003
28.830000	1.999996	2.000003
28.840000	1.999996	2.000003
28.850000	1.999996	2.000003
28.860000	1.999996	2.000003
28.870000	1.999996	2.000003
28.880000	1.999996	2.000003
28.890000	1.999996	2.000003
28.900000	1.999996	2.000003
28.910000	1.999996	2.000003
28.920000	1.999996	2.000003
28.930000	1.999996	2.000003
28.940000	1.999996	2.000003
28.950000	1.999996	2.000003
28.960000	1.999996	2.000003
28.970000	1.999996	2.000003
28.980000	1.999996	2.000003
28.990000	1.999996	2.000003
29.000000	1.999996	2.000003
29.010000	1.999996	2.000003
29.020000	1.999996	2.000003
29.030000	1.999996	2.000003
29.040000	1.999996	2.000003
29.050000	1.999996	2.000003
29.060000	1.999996	2.000004
29.070000	1.999996	2.000004
29.080000	1.999996	2.000004
29.090000	1.999996	2.000004
29.100000	1.999996	2.000004
29.110000	1.999996	2.000004
29.120000	1.999996	2.000004
29.130000	1.999996	2.000004
29.140000	1.999996	2.000004
29.150000	1.999996	2.000004
29.160000	1.999996	2.000004
29.170000	1.999996	2.000004
29.180000	1.999996	2.000004
29.190000	1.999996	2.000004
29.200000	1.999996	2.000004
29.210000	1.999997	2.000004
29.220000	1.999997	2.000004
29.230000	1.999997	2.000004
29.240000	1.999997	2.000004
29.250000	1.999997	2.000004
29.260000	1.999997	2.000004
29.270000	1.999997	2.000004
29.280000	1.999997	2.000004
29.290000	1.999997	2.000004
29.300000	1.999997	2.000004
29.310000	1.999997	2.000003
29.320000	1.999997	2.000003
29.330000	1.999997	2.000003
29.340000	1.999997	2.000003
29.350000	1.999997	2.000003
29.360000	1.999997	2.000003
29.370000	1.999997	2.000003
29.380000	1.999997	2.000003
29.390000	1.999997	2.000003
29.400000	1.999997	2.000003
29.410000	1.999997	2.000003
29.420000	1.999998	2.000003
29.430000	1.999998	2.000003
29.440000	1.999998	2.000003
29.450000	1.999998	2.000003
29.460000	1.999998	2.000003
29.470000	1.999998	2.000003
29.480000	1.999998	2.000003
29.490000	1.999998	2.000003
29.500000	1.999998	2.000003
29.510000	1.999998	2.000003
29.520000	1.999998	2.000003
29.530000	1.999998	2.000003
29.540000	1.999998	2.000003
29.550000	1.999998	2.000003
29.560000	1.999998	2.000003
29.570000	1.999998	2.000003
29.580000	1.999998	2.000003
29.590000	1.999998	2.000003
29.600000	1.999999	2.000003
29.610000	1.999999	2.000003
29.620000	1.999999	2.000002
29.630000	1.999999	2.000002
29.640000	1.999999	2.000002
29.650000	1.999999	2.000002
29.660000	1.999999	2.000002
29.670000	1.999999	2.000002
29.680000	1.999999	2.000002
29.690000	1.999999	2.000002
29.700000	1.999999	2.000002
29.710000	1.999999	2.000002
29.720000	1.999999	2.000002
29.730000	1.999999	2.000002
29.740000	1.999999	2.000002
29.750000	1.999999	2.000002
29.760000	1.999999	2.000002
29.770000	2.000000	2.000002
29.780000	2.000000	2.000002
29.790000	2.000000	2.000002
29.800000	2.000000	2.000002
29.810000	2.000000	2.000002
29.820000	2.000000	2.000001
29.830000	2.000000	2.000001
29.840000	2.000000	2.000001
29.850000	2.000000	2.000001
29.860000	2.000000	2.000001
29.870000	2.000000	2.000001
29.880000	2.000000	2.000001
29.890000	2.000000	2.000001
29.900000	2.000000	2.000001
29.910000	2.000000	2.000001
29.920000	2.000000	2.000001
29.930000	2.000000	2.000001
29.940000	2.000000	2.000001
29.950000	2.000000	2.000001
29.960000	2.000001	2.000001
29.970000	2.000001	2.000001
29.980000	2.000001	2.000001
29.990000	2.000001	2.000001
30.000000	2.000001	2.000001
