0.010000	0.020000	0.000000
0.020000	0.038800	0.001000
0.030000	0.056472	0.002940
0.040000	0.073084	0.005763
0.050000	0.088699	0.009417
0.060000	0.103378	0.013852
0.070000	0.117177	0.019019
0.080000	0.130149	0.024875
0.090000	0.142344	0.031378
0.100000	0.153810	0.038489
0.110000	0.164590	0.046171
0.120000	0.174727	0.054388
0.130000	0.184260	0.063107
0.140000	0.193226	0.072299
0.150000	0.201660	0.081933
0.160000	0.209593	0.091983
0.170000	0.217058	0.102422
0.180000	0.224083	0.113227
0.190000	0.230695	0.124374
0.200000	0.236919	0.135843
0.210000	0.242780	0.147612
0.220000	0.248301	0.159664
0.230000	0.253501	0.171981
0.240000	0.258401	0.184546
0.250000	0.263021	0.197342
0.260000	0.267376	0.210357
0.270000	0.271484	0.223575
0.280000	0.275359	0.236985
0.290000	0.279018	0.250573
0.300000	0.282472	0.264329
0.310000	0.285734	0.278241
0.320000	0.288817	0.292301
0.330000	0.291732	0.306498
0.340000	0.294489	0.320824
0.350000	0.297098	0.335270
0.360000	0.299568	0.349829
0.370000	0.301908	0.364493
0.380000	0.304126	0.379257
0.390000	0.306229	0.394112
0.400000	0.308225	0.409054
0.410000	0.310120	0.424077
0.420000	0.311920	0.439175
0.430000	0.313633	0.454343
0.440000	0.315262	0.469578
0.450000	0.316813	0.484875
0.460000	0.318290	0.500228
0.470000	0.319700	0.515636
0.480000	0.321045	0.531094
0.490000	0.322330	0.546599
0.500000	0.323558	0.562148
0.510000	0.324733	0.577737
0.520000	0.325858	0.593364
0.530000	0.326937	0.609027
0.540000	0.327971	0.624723
0.550000	0.328965	0.640450
0.560000	0.329920	0.656205
0.570000	0.330839	0.671987
0.580000	0.331724	0.687793
0.590000	0.332578	0.703622
0.600000	0.333401	0.719473
0.610000	0.334197	0.735343
0.620000	0.334967	0.751232
0.630000	0.335711	0.767137
0.640000	0.336433	0.783058
0.650000	0.337134	0.798994
0.660000	0.337814	0.814942
0.670000	0.338475	0.830903
0.680000	0.339118	0.846875
0.690000	0.339745	0.862857
0.700000	0.340356	0.878848
0.710000	0.340953	0.894848
0.720000	0.341536	0.910855
0.730000	0.342107	0.926870
0.740000	0.342665	0.942890
0.750000	0.343212	0.958916
0.760000	0.343749	0.974947
0.770000	0.344276	0.990983
0.780000	0.344794	1.007022
0.790000	0.345304	1.023064
0.800000	0.345805	1.039110
0.810000	0.346299	1.055157
0.820000	0.346787	1.071207
0.830000	0.347268	1.087258
0.840000	0.347743	1.103310
0.850000	0.348213	1.119363
0.860000	0.348677	1.135417
0.870000	0.349137	1.151470
0.880000	0.349592	1.167523
0.890000	0.350044	1.183576
0.900000	0.350491	1.199628
0.910000	0.350935	1.215679
0.920000	0.351377	1.231729
0.930000	0.351815	1.247777
0.940000	0.352250	1.263823
0.950000	0.352683	1.279867
0.960000	0.353114	1.295909
0.970000	0.353543	1.311949
0.980000	0.353971	1.327987
0.990000	0.354396	1.344021
1.000000	0.354821	1.360053
1.010000	0.355244	1.376082
1.020000	0.355666	1.392107
1.030000	0.356087	1.408130
1.040000	0.356507	1.424149
1.050000	0.356927	1.440164
1.060000	0.357346	1.456175
1.070000	0.357764	1.472183
1.080000	0.358183	1.488187
1.090000	0.358601	1.504187
1.100000	0.359019	1.520183
1.110000	0.359438	1.536174
1.120000	0.359856	1.552162
1.130000	0.360275	1.568144
1.140000	0.360694	1.584123
1.150000	0.361113	1.600096
1.160000	0.361533	1.616065
1.170000	0.361953	1.632030
1.180000	0.362374	1.647989
1.190000	0.362796	1.663944
1.200000	0.363218	1.679894
1.210000	0.363641	1.695838
1.220000	0.364065	1.711778
1.230000	0.364490	1.727712
1.240000	0.364916	1.743641
1.250000	0.365343	1.759565
1.260000	0.365771	1.775484
1.270000	0.366200	1.791397
1.280000	0.366630	1.807305
1.290000	0.367062	1.823207
1.300000	0.367495	1.839104
1.310000	0.367929	1.854995
1.320000	0.368364	1.870880
1.330000	0.368801	1.886759
1.340000	0.369239	1.902633
1.350000	0.369679	1.918501
1.360000	0.370120	1.934363
1.370000	0.370563	1.950219
1.380000	0.371007	1.966070
1.390000	0.371453	1.981914
1.400000	0.371900	1.997752
1.410000	0.372349	2.013584
1.420000	0.372800	2.029409
1.430000	0.373252	2.045229
1.440000	0.373707	2.061042
1.450000	0.374163	2.076849
1.460000	0.374620	2.092650
1.470000	0.375080	2.108444
1.480000	0.375541	2.124232
1.490000	0.376005	2.140013
1.500000	0.376470	2.155788
1.510000	0.376937	2.171556
1.520000	0.377406	2.187317
1.530000	0.377878	2.203072
1.540000	0.378351	2.218820
1.550000	0.378826	2.234561
1.560000	0.379303	2.250296
1.570000	0.379782	2.266023
1.580000	0.380264	2.281744
1.590000	0.380747	2.297458
1.600000	0.381233	2.313165
1.610000	0.381721	2.328864
1.620000	0.382211	2.344557
1.630000	0.382704	2.360243
1.640000	0.383198	2.375921
1.650000	0.383695	2.391592
1.660000	0.384194	2.407256
1.670000	0.384696	2.422912
1.680000	0.385200	2.438561
1.690000	0.385706	2.454203
1.700000	0.386215	2.469837
1.710000	0.386726	2.485464
1.720000	0.387240	2.501083
1.730000	0.387756	2.516695
1.740000	0.388275	2.532298
1.750000	0.388796	2.547895
1.760000	0.389319	2.563483
1.770000	0.389846	2.579063
1.780000	0.390375	2.594636
1.790000	0.390906	2.610201
1.800000	0.391440	2.625757
1.810000	0.391977	2.641306
1.820000	0.392517	2.656847
1.830000	0.393059	2.672379
1.840000	0.393604	2.687903
1.850000	0.394152	2.703419
1.860000	0.394703	2.718927
1.870000	0.395257	2.734427
1.880000	0.395813	2.749917
1.890000	0.396373	2.765400
1.900000	0.396935	2.780874
1.910000	0.397501	2.796339
1.920000	0.398069	2.811796
1.930000	0.398640	2.827244
1.940000	0.399215	2.842683
1.950000	0.399792	2.858113
1.960000	0.400373	2.873534
1.970000	0.400957	2.888947
1.980000	0.401544	2.904350
1.990000	0.402134	2.919744
2.000000	0.402728	2.935130
2.010000	0.403325	2.950505
2.020000	0.403925	2.965872
2.030000	0.404528	2.981229
2.040000	0.405135	2.996577
2.050000	0.405745	3.011916
2.060000	0.406359	3.027244
2.070000	0.406976	3.042563
2.080000	0.407597	3.057873
2.090000	0.408222	3.073172
2.100000	0.408850	3.088462
2.110000	0.409481	3.103742
2.120000	0.410117	3.119012
2.130000	0.410756	3.134272
2.140000	0.411398	3.149521
2.150000	0.412045	3.164761
2.160000	0.412695	3.179990
2.170000	0.413350	3.195209
2.180000	0.414008	3.210417
2.190000	0.414670	3.225615
2.200000	0.415337	3.240802
2.210000	0.416007	3.255978
2.220000	0.416681	3.271143
2.230000	0.417360	3.286298
2.240000	0.418043	3.301442
2.250000	0.418730	3.316574
2.260000	0.419421	3.331695
2.270000	0.420117	3.346806
2.280000	0.420817	3.361904
2.290000	0.421521	3.376992
2.300000	0.422230	3.392068
2.310000	0.422944	3.407132
2.320000	0.423662	3.422184
2.330000	0.424385	3.437225
2.340000	0.425112	3.452254
2.350000	0.425844	3.467270
2.360000	0.426581	3.482275
2.370000	0.427323	3.497267
2.380000	0.428070	3.512247
2.390000	0.428822	3.527215
2.400000	0.429579	3.542170
2.410000	0.430340	3.557112
2.420000	0.431108	3.572041
2.430000	0.431880	3.586958
2.440000	0.432657	3.601862
2.450000	0.433440	3.616752
2.460000	0.434229	3.631629
2.470000	0.435023	3.646493
2.480000	0.435822	3.661343
2.490000	0.436627	3.676180
2.500000	0.437438	3.691003
2.510000	0.438255	3.705812
2.520000	0.439077	3.720607
2.530000	0.439905	3.735388
2.540000	0.440739	3.750155
2.550000	0.441580	3.764907
2.560000	0.442426	3.779645
2.570000	0.443279	3.794368
2.580000	0.444138	3.809076
2.590000	0.445004	3.823769
2.600000	0.445875	3.838447
2.610000	0.446754	3.853110
2.620000	0.447639	3.867757
2.630000	0.448531	3.882389
2.640000	0.449430	3.897005
2.650000	0.450335	3.911605
2.660000	0.451248	3.926189
2.670000	0.452168	3.940757
2.680000	0.453095	3.955308
2.690000	0.454029	3.969843
2.700000	0.454971	3.984361
2.710000	0.455920	3.998862
2.720000	0.456877	4.013345
2.730000	0.457842	4.027812
2.740000	0.458815	4.042261
2.750000	0.459795	4.056692
2.760000	0.460784	4.071106
2.770000	0.461781	4.085501
2.780000	0.462786	4.099878
2.790000	0.463799	4.114237
2.800000	0.464821	4.128576
2.810000	0.465852	4.142897
2.820000	0.466892	4.157199
2.830000	0.467941	4.171482
2.840000	0.468998	4.185744
2.850000	0.470066	4.199987
2.860000	0.471142	4.214210
2.870000	0.472228	4.228413
2.880000	0.473324	4.242595
2.890000	0.474429	4.256756
2.900000	0.475545	4.270896
2.910000	0.476670	4.285015
2.920000	0.477806	4.299113
2.930000	0.478953	4.313188
2.940000	0.480110	4.327242
2.950000	0.481278	4.341272
2.960000	0.482457	4.355281
2.970000	0.483647	4.369266
2.980000	0.484848	4.383228
2.990000	0.486061	4.397166
3.000000	0.487286	4.411081
3.010000	0.488523	4.424971
3.020000	0.489772	4.438837
3.030000	0.491034	4.452678
3.040000	0.492308	4.466494
3.050000	0.493594	4.480284
3.060000	0.494894	4.494048
3.070000	0.496207	4.507786
3.080000	0.497534	4.521497
3.090000	0.498875	4.535181
3.100000	0.500229	4.548838
3.110000	0.501598	4.562467
3.120000	0.502981	4.576067
3.130000	0.504379	4.589640
3.140000	0.505793	4.603183
3.150000	0.507221	4.616696
3.160000	0.508665	4.630180
3.170000	0.510126	4.643633
3.180000	0.511602	4.657055
3.190000	0.513095	4.670446
3.200000	0.514605	4.683805
3.210000	0.516133	4.697132
3.220000	0.517677	4.710425
3.230000	0.519240	4.723686
3.240000	0.520821	4.736912
3.250000	0.522421	4.750104
3.260000	0.524040	4.763261
3.270000	0.525678	4.776382
3.280000	0.527337	4.789467
3.290000	0.529015	4.802515
3.300000	0.530714	4.815526
3.310000	0.532435	4.828498
3.320000	0.534177	4.841432
3.330000	0.535941	4.854326
3.340000	0.537728	4.867180
3.350000	0.539538	4.879993
3.360000	0.541371	4.892764
3.370000	0.543229	4.905493
3.380000	0.545111	4.918178
3.390000	0.547019	4.930819
3.400000	0.548952	4.943416
3.410000	0.550912	4.955967
3.420000	0.552898	4.968471
3.430000	0.554913	4.980927
3.440000	0.556956	4.993335
3.450000	0.559028	5.005694
3.460000	0.561130	5.018002
3.470000	0.563262	5.030258
3.480000	0.565425	5.042462
3.490000	0.567621	5.054612
3.500000	0.569849	5.066708
3.510000	0.572111	5.078747
3.520000	0.574408	5.090729
3.530000	0.576740	5.102653
3.540000	0.579109	5.114517
3.550000	0.581514	5.126320
3.560000	0.583959	5.138061
3.570000	0.586442	5.149738
3.580000	0.588967	5.161349
3.590000	0.591532	5.172894
3.600000	0.594141	5.184370
3.610000	0.596793	5.195776
3.620000	0.599491	5.207110
3.630000	0.602236	5.218371
3.640000	0.605028	5.229556
3.650000	0.607869	5.240664
3.660000	0.610762	5.251693
3.670000	0.613706	5.262641
3.680000	0.616705	5.273505
3.690000	0.619759	5.284284
3.700000	0.622871	5.294975
3.710000	0.626041	5.305576
3.720000	0.629273	5.316084
3.730000	0.632567	5.326497
3.740000	0.635927	5.336811
3.750000	0.639353	5.347025
3.760000	0.642849	5.357136
3.770000	0.646417	5.367140
3.780000	0.650059	5.377034
3.790000	0.653777	5.386815
3.800000	0.657575	5.396479
3.810000	0.661455	5.406023
3.820000	0.665421	5.415443
3.830000	0.669474	5.424735
3.840000	0.673619	5.433896
3.850000	0.677859	5.442920
3.860000	0.682197	5.451803
3.870000	0.686638	5.460540
3.880000	0.691184	5.469127
3.890000	0.695841	5.477559
3.900000	0.700613	5.485829
3.910000	0.705504	5.493932
3.920000	0.710519	5.501862
3.930000	0.715663	5.509612
3.940000	0.720942	5.517176
3.950000	0.726362	5.524548
3.960000	0.731927	5.531718
3.970000	0.737646	5.538680
3.980000	0.743525	5.545425
3.990000	0.749570	5.551945
4.000000	0.755790	5.558229
4.010000	0.762192	5.564269
4.020000	0.768785	5.570054
4.030000	0.775579	5.575572
4.040000	0.782582	5.580813
4.050000	0.789806	5.585763
4.060000	0.797262	5.590410
4.070000	0.804960	5.594739
4.080000	0.812914	5.598735
4.090000	0.821137	5.602383
4.100000	0.829644	5.605665
4.110000	0.838450	5.608563
4.120000	0.847571	5.611057
4.130000	0.857025	5.613127
4.140000	0.866831	5.614750
4.150000	0.877011	5.615903
4.160000	0.887585	5.616559
4.170000	0.898577	5.616691
4.180000	0.910014	5.616268
4.190000	0.921923	5.615259
4.200000	0.934334	5.613629
4.210000	0.947280	5.611339
4.220000	0.960796	5.608351
4.230000	0.974920	5.604618
4.240000	0.989695	5.600094
4.250000	1.005166	5.594726
4.260000	1.021383	5.588458
4.270000	1.038400	5.581227
4.280000	1.056277	5.572966
4.290000	1.075079	5.563601
4.300000	1.094878	5.553051
4.310000	1.115753	5.541227
4.320000	1.137791	5.528032
4.330000	1.161088	5.513357
4.340000	1.185750	5.497085
4.350000	1.211894	5.479083
4.360000	1.239651	5.459207
4.370000	1.269165	5.437296
4.380000	1.300598	5.413172
4.390000	1.334129	5.386635
4.400000	1.369958	5.357464
4.410000	1.408308	5.325414
4.420000	1.449431	5.290209
4.430000	1.493604	5.251541
4.440000	1.541142	5.209067
4.450000	1.592395	5.162403
4.460000	1.647756	5.111118
4.470000	1.707662	5.054734
4.480000	1.772604	4.992716
4.490000	1.843125	4.924469
4.500000	1.919827	4.849335
4.510000	2.003371	4.766593
4.520000	2.094476	4.675454
4.530000	2.193912	4.575074
4.540000	2.302487	4.464560
4.550000	2.421024	4.342998
4.560000	2.550321	4.209491
4.570000	2.691093	4.063216
4.580000	2.843884	3.903513
4.590000	3.008955	3.730004
4.600000	3.186125	3.542744
4.610000	3.374595	3.342413
4.620000	3.572750	3.130512
4.630000	3.777980	2.909554
4.640000	3.986586	2.683168
4.650000	4.193823	2.456065
4.660000	4.394170	2.233780
4.670000	4.581835	2.022174
4.680000	4.751444	1.826746
4.690000	4.898768	1.651908
4.700000	5.021265	1.500423
4.710000	5.118292	1.373183
4.720000	5.190927	1.269366
4.730000	5.241511	1.186873
4.740000	5.273095	1.122873
4.750000	5.288930	1.074307
4.760000	5.292108	1.038240
4.770000	5.285355	1.012072
4.780000	5.270956	0.993618
4.790000	5.250755	0.981109
4.800000	5.226206	0.973151
4.810000	5.198432	0.968662
4.820000	5.168294	0.966815
4.830000	5.136445	0.966981
4.840000	5.103378	0.968684
4.850000	5.069464	0.971565
4.860000	5.034983	0.975351
4.870000	5.000146	0.979838
4.880000	4.965111	0.984872
4.890000	4.929998	0.990333
4.900000	4.894898	0.996134
4.910000	4.859878	1.002205
4.920000	4.824990	1.008494
4.930000	4.790273	1.014961
4.940000	4.755757	1.021574
4.950000	4.721463	1.028310
4.960000	4.687409	1.035150
4.970000	4.653605	1.042080
4.980000	4.620062	1.049087
4.990000	4.586786	1.056162
5.000000	4.553780	1.063300
5.010000	4.521049	1.070493
5.020000	4.488594	1.077738
5.030000	4.456415	1.085031
5.040000	4.424514	1.092368
5.050000	4.392888	1.099749
5.060000	4.361539	1.107169
5.070000	4.330463	1.114629
5.080000	4.299661	1.122127
5.090000	4.269130	1.129661
5.100000	4.238868	1.137232
5.110000	4.208874	1.144837
5.120000	4.179145	1.152477
5.130000	4.149680	1.160152
5.140000	4.120475	1.167859
5.150000	4.091529	1.175600
5.160000	4.062840	1.183374
5.170000	4.034406	1.191180
5.180000	4.006223	1.199019
5.190000	3.978290	1.206890
5.200000	3.950604	1.214792
5.210000	3.923164	1.222727
5.220000	3.895967	1.230692
5.230000	3.869010	1.238689
5.240000	3.842292	1.246717
5.250000	3.815810	1.254777
5.260000	3.789562	1.262867
5.270000	3.763546	1.270987
5.280000	3.737759	1.279138
5.290000	3.712200	1.287320
5.300000	3.686866	1.295532
5.310000	3.661755	1.303774
5.320000	3.636866	1.312045
5.330000	3.612196	1.320347
5.340000	3.587742	1.328679
5.350000	3.563504	1.337040
5.360000	3.539478	1.345430
5.370000	3.515664	1.353850
5.380000	3.492058	1.362299
5.390000	3.468660	1.370776
5.400000	3.445467	1.379283
5.410000	3.422477	1.387818
5.420000	3.399688	1.396382
5.430000	3.377099	1.404974
5.440000	3.354708	1.413595
5.450000	3.332512	1.422243
5.460000	3.310510	1.430920
5.470000	3.288701	1.439624
5.480000	3.267082	1.448356
5.490000	3.245652	1.457115
5.500000	3.224410	1.465901
5.510000	3.203352	1.474715
5.520000	3.182478	1.483555
5.530000	3.161786	1.492422
5.540000	3.141275	1.501315
5.550000	3.120943	1.510235
5.560000	3.100787	1.519181
5.570000	3.080807	1.528153
5.580000	3.061002	1.537151
5.590000	3.041368	1.546174
5.600000	3.021906	1.555222
5.610000	3.002614	1.564296
5.620000	2.983489	1.573395
5.630000	2.964531	1.582518
5.640000	2.945737	1.591666
5.650000	2.927108	1.600838
5.660000	2.908641	1.610034
5.670000	2.890334	1.619254
5.680000	2.872187	1.628498
5.690000	2.854198	1.637765
5.700000	2.836366	1.647055
5.710000	2.818689	1.656369
5.720000	2.801166	1.665704
5.730000	2.783796	1.675063
5.740000	2.766578	1.684443
5.750000	2.749510	1.693846
5.760000	2.732591	1.703270
5.770000	2.715819	1.712715
5.780000	2.699194	1.722182
5.790000	2.682715	1.731669
5.800000	2.666379	1.741178
5.810000	2.650187	1.750706
5.820000	2.634137	1.760255
5.830000	2.618227	1.769823
5.840000	2.602456	1.779411
5.850000	2.586825	1.789018
5.860000	2.571330	1.798645
5.870000	2.555972	1.808289
5.880000	2.540749	1.817953
5.890000	2.525661	1.827634
5.900000	2.510705	1.837333
5.910000	2.495881	1.847049
5.920000	2.481189	1.856783
5.930000	2.466627	1.866533
5.940000	2.452194	1.876300
5.950000	2.437889	1.886083
5.960000	2.423711	1.895882
5.970000	2.409660	1.905696
5.980000	2.395734	1.915526
5.990000	2.381932	1.925370
6.000000	2.368254	1.935229
6.010000	2.354698	1.945102
6.020000	2.341265	1.954988
6.030000	2.327952	1.964889
6.040000	2.314759	1.974802
6.050000	2.301686	1.984728
6.060000	2.288730	1.994666
6.070000	2.275893	2.004616
6.080000	2.263172	2.014578
6.090000	2.250568	2.024551
6.100000	2.238078	2.034535
6.110000	2.225703	2.044529
6.120000	2.213442	2.054533
6.130000	2.201294	2.064547
6.140000	2.189258	2.074570
6.150000	2.177333	2.084602
6.160000	2.165520	2.094642
6.170000	2.153816	2.104690
6.180000	2.142222	2.114746
6.190000	2.130737	2.124809
6.200000	2.119360	2.134879
6.210000	2.108090	2.144955
6.220000	2.096928	2.155037
6.230000	2.085871	2.165124
6.240000	2.074921	2.175216
6.250000	2.064075	2.185312
6.260000	2.053333	2.195413
6.270000	2.042696	2.205517
6.280000	2.032162	2.215624
6.290000	2.021730	2.225734
6.300000	2.011401	2.235846
6.310000	2.001173	2.245960
6.320000	1.991047	2.256075
6.330000	1.981021	2.266190
6.340000	1.971095	2.276306
6.350000	1.961269	2.286421
6.360000	1.951541	2.296536
6.370000	1.941913	2.306649
6.380000	1.932382	2.316760
6.390000	1.922949	2.326869
6.400000	1.913614	2.336975
6.410000	1.904375	2.347078
6.420000	1.895233	2.357176
6.430000	1.886187	2.367270
6.440000	1.877236	2.377359
6.450000	1.868380	2.387443
6.460000	1.859619	2.397520
6.470000	1.850953	2.407590
6.480000	1.842380	2.417653
6.490000	1.833901	2.427708
6.500000	1.825516	2.437755
6.510000	1.817223	2.447792
6.520000	1.809023	2.457820
6.530000	1.800916	2.467837
6.540000	1.792900	2.477844
6.550000	1.784976	2.487839
6.560000	1.777143	2.497821
6.570000	1.769402	2.507791
6.580000	1.761751	2.517748
6.590000	1.754191	2.527691
6.600000	1.746722	2.537618
6.610000	1.739342	2.547531
6.620000	1.732052	2.557427
6.630000	1.724852	2.567307
6.640000	1.717741	2.577169
6.650000	1.710720	2.587013
6.660000	1.703787	2.596839
6.670000	1.696943	2.606645
6.680000	1.690188	2.616431
6.690000	1.683521	2.626195
6.700000	1.676943	2.635939
6.710000	1.670452	2.645660
6.720000	1.664050	2.655358
6.730000	1.657735	2.665032
6.740000	1.651509	2.674681
6.750000	1.645370	2.684305
6.760000	1.639318	2.693903
6.770000	1.633354	2.703474
6.780000	1.627477	2.713017
6.790000	1.621688	2.722532
6.800000	1.615985	2.732017
6.810000	1.610370	2.741472
6.820000	1.604843	2.750896
6.830000	1.599402	2.760288
6.840000	1.594048	2.769648
6.850000	1.588782	2.778974
6.860000	1.583603	2.788265
6.870000	1.578511	2.797521
6.880000	1.573506	2.806741
6.890000	1.568588	2.815924
6.900000	1.563758	2.825068
6.910000	1.559015	2.834174
6.920000	1.554359	2.843239
6.930000	1.549791	2.852264
6.940000	1.545311	2.861246
6.950000	1.540918	2.870185
6.960000	1.536614	2.879081
6.970000	1.532397	2.887931
6.980000	1.528269	2.896735
6.990000	1.524229	2.905492
7.000000	1.520278	2.914201
7.010000	1.516416	2.922861
7.020000	1.512642	2.931470
7.030000	1.508958	2.940028
7.040000	1.505364	2.948532
7.050000	1.501860	2.956983
7.060000	1.498445	2.965379
7.070000	1.495121	2.973719
7.080000	1.491888	2.982000
7.090000	1.488746	2.990224
7.100000	1.485696	2.998387
7.110000	1.482737	3.006488
7.120000	1.479871	3.014527
7.130000	1.477097	3.022502
7.140000	1.474417	3.030412
7.150000	1.471830	3.038254
7.160000	1.469337	3.046028
7.170000	1.466939	3.053733
7.180000	1.464637	3.061366
7.190000	1.462430	3.068927
7.200000	1.460319	3.076413
7.210000	1.458305	3.083824
7.220000	1.456389	3.091157
7.230000	1.454572	3.098411
7.240000	1.452853	3.105584
7.250000	1.451234	3.112674
7.260000	1.449715	3.119680
7.270000	1.448298	3.126601
7.280000	1.446982	3.133433
7.290000	1.445770	3.140176
7.300000	1.444661	3.146827
7.310000	1.443657	3.153384
7.320000	1.442759	3.159846
7.330000	1.441967	3.166210
7.340000	1.441283	3.172474
7.350000	1.440708	3.178637
7.360000	1.440243	3.184695
7.370000	1.439888	3.190647
7.380000	1.439646	3.196490
7.390000	1.439517	3.202223
7.400000	1.439503	3.207842
7.410000	1.439604	3.213345
7.420000	1.439823	3.218730
7.430000	1.440161	3.223994
7.440000	1.440619	3.229134
7.450000	1.441199	3.234148
7.460000	1.441902	3.239033
7.470000	1.442730	3.243786
7.480000	1.443685	3.248404
7.490000	1.444768	3.252885
7.500000	1.445981	3.257224
7.510000	1.447326	3.261419
7.520000	1.448805	3.265466
7.530000	1.450420	3.269363
7.540000	1.452173	3.273106
7.550000	1.454066	3.276691
7.560000	1.456102	3.280115
7.570000	1.458282	3.283374
7.580000	1.460609	3.286465
7.590000	1.463085	3.289382
7.600000	1.465713	3.292123
7.610000	1.468495	3.294684
7.620000	1.471435	3.297060
7.630000	1.474534	3.299246
7.640000	1.477796	3.301239
7.650000	1.481223	3.303034
7.660000	1.484819	3.304625
7.670000	1.488586	3.306010
7.680000	1.492529	3.307181
7.690000	1.496649	3.308136
7.700000	1.500951	3.308867
7.710000	1.505438	3.309371
7.720000	1.510113	3.309641
7.730000	1.514981	3.309672
7.740000	1.520045	3.309459
7.750000	1.525308	3.308995
7.760000	1.530776	3.308274
7.770000	1.536451	3.307291
7.780000	1.542339	3.306039
7.790000	1.548443	3.304512
7.800000	1.554768	3.302702
7.810000	1.561318	3.300604
7.820000	1.568098	3.298211
7.830000	1.575113	3.295515
7.840000	1.582367	3.292510
7.850000	1.589866	3.289187
7.860000	1.597614	3.285541
7.870000	1.605616	3.281562
7.880000	1.613878	3.277244
7.890000	1.622404	3.272579
7.900000	1.631201	3.267559
7.910000	1.640273	3.262175
7.920000	1.649625	3.256420
7.930000	1.659263	3.250285
7.940000	1.669193	3.243763
7.950000	1.679419	3.236845
7.960000	1.689947	3.229522
7.970000	1.700783	3.221787
7.980000	1.711932	3.213631
7.990000	1.723398	3.205045
8.000000	1.735187	3.196022
8.010000	1.747304	3.186553
8.020000	1.759754	3.176631
8.030000	1.772540	3.166247
8.040000	1.785668	3.155393
8.050000	1.799141	3.144064
8.060000	1.812963	3.132250
8.070000	1.827137	3.119946
8.080000	1.841666	3.107146
8.090000	1.856552	3.093843
8.100000	1.871797	3.080033
8.110000	1.887402	3.065710
8.120000	1.903368	3.050870
8.130000	1.919693	3.035512
8.140000	1.936377	3.019631
8.150000	1.953417	3.003227
8.160000	1.970810	2.986300
8.170000	1.988552	2.968850
8.180000	2.006637	2.950879
8.190000	2.025059	2.932391
8.200000	2.043809	2.913390
8.210000	2.062877	2.893884
8.220000	2.082252	2.873880
8.230000	2.101922	2.853387
8.240000	2.121872	2.832419
8.250000	2.142085	2.810987
8.260000	2.162542	2.789109
8.270000	2.183225	2.766800
8.280000	2.204110	2.744083
8.290000	2.225174	2.720978
8.300000	2.246390	2.697510
8.310000	2.267730	2.673706
8.320000	2.289164	2.649595
8.330000	2.310661	2.625207
8.340000	2.332185	2.600576
8.350000	2.353701	2.575738
8.360000	2.375173	2.550729
8.370000	2.396560	2.525590
8.380000	2.417824	2.500361
8.390000	2.438922	2.475084
8.400000	2.459814	2.449804
8.410000	2.480455	2.424565
8.420000	2.500802	2.399412
8.430000	2.520814	2.374393
8.440000	2.540446	2.349553
8.450000	2.559656	2.324938
8.460000	2.578403	2.300595
8.470000	2.596646	2.276567
8.480000	2.614346	2.252901
8.490000	2.631467	2.229637
8.500000	2.647973	2.206816
8.510000	2.663831	2.184478
8.520000	2.679012	2.162659
8.530000	2.693487	2.141393
8.540000	2.707233	2.120712
8.550000	2.720229	2.100645
8.560000	2.732455	2.081216
8.570000	2.743898	2.062449
8.580000	2.754545	2.044362
8.590000	2.764389	2.026973
8.600000	2.773424	2.010294
8.610000	2.781648	1.994336
8.620000	2.789062	1.979106
8.630000	2.795670	1.964607
8.640000	2.801479	1.950841
8.650000	2.806498	1.937807
8.660000	2.810738	1.925502
8.670000	2.814213	1.913920
8.680000	2.816939	1.903052
8.690000	2.818933	1.892889
8.700000	2.820213	1.883419
8.710000	2.820800	1.874630
8.720000	2.820714	1.866508
8.730000	2.819979	1.859036
8.740000	2.818616	1.852199
8.750000	2.816649	1.845980
8.760000	2.814101	1.840362
8.770000	2.810996	1.835325
8.780000	2.807358	1.830853
8.790000	2.803211	1.826927
8.800000	2.798578	1.823528
8.810000	2.793483	1.820637
8.820000	2.787948	1.818237
8.830000	2.781997	1.816309
8.840000	2.775650	1.814836
8.850000	2.768930	1.813799
8.860000	2.761858	1.813182
8.870000	2.754453	1.812968
8.880000	2.746736	1.813140
8.890000	2.738726	1.813684
8.900000	2.730440	1.814583
8.910000	2.721896	1.815822
8.920000	2.713111	1.817388
8.930000	2.704102	1.819266
8.940000	2.694884	1.821443
8.950000	2.685471	1.823907
8.960000	2.675878	1.826645
8.970000	2.666119	1.829645
8.980000	2.656207	1.832896
8.990000	2.646153	1.836388
9.000000	2.635970	1.840109
9.010000	2.625669	1.844051
9.020000	2.615260	1.848203
9.030000	2.604754	1.852556
9.040000	2.594160	1.857103
9.050000	2.583487	1.861834
9.060000	2.572745	1.866742
9.070000	2.561940	1.871819
9.080000	2.551081	1.877059
9.090000	2.540175	1.882454
9.100000	2.529230	1.887997
9.110000	2.518251	1.893683
9.120000	2.507246	1.899506
9.130000	2.496220	1.905460
9.140000	2.485178	1.911540
9.150000	2.474126	1.917740
9.160000	2.463069	1.924056
9.170000	2.452012	1.930482
9.180000	2.440959	1.937015
9.190000	2.429914	1.943650
9.200000	2.418881	1.950384
9.210000	2.407865	1.957211
9.220000	2.396869	1.964129
9.230000	2.385895	1.971133
9.240000	2.374948	1.978222
9.250000	2.364031	1.985390
9.260000	2.353145	1.992635
9.270000	2.342295	1.999954
9.280000	2.331481	2.007345
9.290000	2.320708	2.014803
9.300000	2.309976	2.022328
9.310000	2.299289	2.029915
9.320000	2.288648	2.037564
9.330000	2.278054	2.045270
9.340000	2.267511	2.053033
9.350000	2.257019	2.060850
9.360000	2.246581	2.068718
9.370000	2.236197	2.076636
9.380000	2.225869	2.084603
9.390000	2.215598	2.092615
9.400000	2.205386	2.100671
9.410000	2.195234	2.108769
9.420000	2.185142	2.116908
9.430000	2.175113	2.125086
9.440000	2.165146	2.133301
9.450000	2.155244	2.141553
9.460000	2.145406	2.149838
9.470000	2.135634	2.158156
9.480000	2.125928	2.166506
9.490000	2.116289	2.174886
9.500000	2.106717	2.183294
9.510000	2.097215	2.191730
9.520000	2.087781	2.200191
9.530000	2.078416	2.208678
9.540000	2.069122	2.217188
9.550000	2.059899	2.225720
9.560000	2.050746	2.234274
9.570000	2.041665	2.242847
9.580000	2.032656	2.251440
9.590000	2.023719	2.260050
9.600000	2.014855	2.268677
9.610000	2.006064	2.277320
9.620000	1.997346	2.285977
9.630000	1.988702	2.294648
9.640000	1.980131	2.303331
9.650000	1.971635	2.312026
9.660000	1.963214	2.320731
9.670000	1.954867	2.329446
9.680000	1.946594	2.338169
9.690000	1.938397	2.346901
9.700000	1.930276	2.355638
9.710000	1.922229	2.364382
9.720000	1.914259	2.373130
9.730000	1.906364	2.381883
9.740000	1.898545	2.390638
9.750000	1.890802	2.399395
9.760000	1.883135	2.408154
9.770000	1.875545	2.416913
9.780000	1.868032	2.425671
9.790000	1.860594	2.434428
9.800000	1.853234	2.443182
9.810000	1.845951	2.451933
9.820000	1.838744	2.460680
9.830000	1.831614	2.469422
9.840000	1.824562	2.478159
9.850000	1.817587	2.486888
9.860000	1.810689	2.495610
9.870000	1.803869	2.504324
9.880000	1.797126	2.513028
9.890000	1.790461	2.521722
9.900000	1.783873	2.530405
9.910000	1.777363	2.539076
9.920000	1.770931	2.547734
9.930000	1.764577	2.556379
9.940000	1.758302	2.565009
9.950000	1.752104	2.573623
9.960000	1.745985	2.582222
9.970000	1.739943	2.590803
9.980000	1.733981	2.599366
9.990000	1.728097	2.607910
10.000000	1.722292	2.616435
10.010000	1.716565	2.624938
10.020000	1.710918	2.633420
10.030000	1.705349	2.641879
10.040000	1.699860	2.650315
10.050000	1.694449	2.658727
10.060000	1.689119	2.667113
10.070000	1.683868	2.675473
10.080000	1.678696	2.683806
10.090000	1.673605	2.692110
10.100000	1.668593	2.700386
10.110000	1.663662	2.708631
10.120000	1.658811	2.716846
10.130000	1.654040	2.725028
10.140000	1.649351	2.733177
10.150000	1.644742	2.741293
10.160000	1.640214	2.749373
10.170000	1.635768	2.757417
10.180000	1.631403	2.765424
10.190000	1.627120	2.773394
10.200000	1.622919	2.781323
10.210000	1.618800	2.789213
10.220000	1.614763	2.797061
10.230000	1.610810	2.804867
10.240000	1.606939	2.812630
10.250000	1.603152	2.820347
10.260000	1.599449	2.828019
10.270000	1.595829	2.835644
10.280000	1.592294	2.843221
10.290000	1.588844	2.850749
10.300000	1.585478	2.858226
10.310000	1.582198	2.865652
10.320000	1.579003	2.873024
10.330000	1.575895	2.880343
10.340000	1.572873	2.887606
10.350000	1.569937	2.894812
10.360000	1.567090	2.901960
10.370000	1.564330	2.909049
10.380000	1.561658	2.916078
10.390000	1.559075	2.923044
10.400000	1.556582	2.929947
10.410000	1.554178	2.936785
10.420000	1.551864	2.943557
10.430000	1.549642	2.950261
10.440000	1.547510	2.956896
10.450000	1.545471	2.963460
10.460000	1.543525	2.969952
10.470000	1.541671	2.976370
10.480000	1.539912	2.982712
10.490000	1.538247	2.988978
10.500000	1.536677	2.995165
10.510000	1.535204	3.001272
10.520000	1.533827	3.007297
10.530000	1.532548	3.013237
10.540000	1.531367	3.019093
10.550000	1.530285	3.024861
10.560000	1.529304	3.030540
10.570000	1.528423	3.036128
10.580000	1.527644	3.041622
10.590000	1.526967	3.047022
10.600000	1.526395	3.052326
10.610000	1.525926	3.057530
10.620000	1.525564	3.062633
10.630000	1.525308	3.067633
10.640000	1.525160	3.072528
10.650000	1.525121	3.077316
10.660000	1.525192	3.081993
10.670000	1.525374	3.086559
10.680000	1.525669	3.091011
10.690000	1.526077	3.095346
10.700000	1.526600	3.099562
10.710000	1.527240	3.103657
10.720000	1.527997	3.107627
10.730000	1.528873	3.111471
10.740000	1.529870	3.115185
10.750000	1.530989	3.118768
10.760000	1.532231	3.122216
10.770000	1.533598	3.125526
10.780000	1.535092	3.128696
10.790000	1.536715	3.131722
10.800000	1.538467	3.134603
10.810000	1.540352	3.137334
10.820000	1.542370	3.139912
10.830000	1.544523	3.142335
10.840000	1.546814	3.144599
10.850000	1.549243	3.146701
10.860000	1.551815	3.148638
10.870000	1.554529	3.150405
10.880000	1.557389	3.152000
10.890000	1.560396	3.153419
10.900000	1.563553	3.154659
10.910000	1.566861	3.155714
10.920000	1.570324	3.156583
10.930000	1.573943	3.157260
10.940000	1.577722	3.157743
10.950000	1.581661	3.158026
10.960000	1.585764	3.158106
10.970000	1.590034	3.157979
10.980000	1.594472	3.157641
10.990000	1.599082	3.157086
11.000000	1.603865	3.156312
11.010000	1.608826	3.155313
11.020000	1.613966	3.154084
11.030000	1.619288	3.152622
11.040000	1.624796	3.150922
11.050000	1.630491	3.148979
11.060000	1.636377	3.146788
11.070000	1.642457	3.144344
11.080000	1.648733	3.141643
11.090000	1.655209	3.138680
11.100000	1.661888	3.135449
11.110000	1.668772	3.131946
11.120000	1.675864	3.128167
11.130000	1.683167	3.124105
11.140000	1.690685	3.119756
11.150000	1.698419	3.115114
11.160000	1.706373	3.110176
11.170000	1.714550	3.104935
11.180000	1.722952	3.099387
11.190000	1.731583	3.093528
11.200000	1.740443	3.087351
11.210000	1.749537	3.080853
11.220000	1.758866	3.074029
11.230000	1.768432	3.066874
11.240000	1.778238	3.059383
11.250000	1.788286	3.051553
11.260000	1.798576	3.043380
11.270000	1.809111	3.034859
11.280000	1.819892	3.025987
11.290000	1.830920	3.016761
11.300000	1.842194	3.007177
11.310000	1.853717	2.997233
11.320000	1.865486	2.986926
11.330000	1.877503	2.976254
11.340000	1.889767	2.965216
11.350000	1.902275	2.953810
11.360000	1.915027	2.942035
11.370000	1.928019	2.929893
11.380000	1.941250	2.917382
11.390000	1.954715	2.904504
11.400000	1.968410	2.891262
11.410000	1.982332	2.877656
11.420000	1.996473	2.863691
11.430000	2.010829	2.849371
11.440000	2.025392	2.834700
11.450000	2.040153	2.819684
11.460000	2.055106	2.804330
11.470000	2.070239	2.788646
11.480000	2.085543	2.772639
11.490000	2.101006	2.756321
11.500000	2.116616	2.739701
11.510000	2.132360	2.722791
11.520000	2.148222	2.705605
11.530000	2.164189	2.688156
11.540000	2.180243	2.670460
11.550000	2.196368	2.652533
11.560000	2.212545	2.634393
11.570000	2.228755	2.616057
11.580000	2.244978	2.597546
11.590000	2.261194	2.578881
11.600000	2.277380	2.560082
11.610000	2.293515	2.541174
11.620000	2.309575	2.522178
11.630000	2.325537	2.503120
11.640000	2.341377	2.484025
11.650000	2.357070	2.464919
11.660000	2.372591	2.445827
11.670000	2.387916	2.426776
11.680000	2.403019	2.407794
11.690000	2.417876	2.388907
11.700000	2.432462	2.370142
11.710000	2.446752	2.351527
11.720000	2.460723	2.333088
11.730000	2.474352	2.314852
11.740000	2.487616	2.296845
11.750000	2.500493	2.279091
11.760000	2.512963	2.261617
11.770000	2.525006	2.244444
11.780000	2.536604	2.227596
11.790000	2.547739	2.211095
11.800000	2.558396	2.194960
11.810000	2.568561	2.179211
11.820000	2.578221	2.163866
11.830000	2.587365	2.148940
11.840000	2.595983	2.134448
11.850000	2.604067	2.120404
11.860000	2.611611	2.106819
11.870000	2.618611	2.093704
11.880000	2.625062	2.081067
11.890000	2.630963	2.068915
11.900000	2.636315	2.057253
11.910000	2.641119	2.046087
11.920000	2.645376	2.035418
11.930000	2.649093	2.025248
11.940000	2.652273	2.015577
11.950000	2.654923	2.006404
11.960000	2.657051	1.997726
11.970000	2.658666	1.989541
11.980000	2.659777	1.981843
11.990000	2.660394	1.974628
12.000000	2.660529	1.967890
12.010000	2.660192	1.961621
12.020000	2.659397	1.955814
12.030000	2.658156	1.950461
12.040000	2.656483	1.945553
12.050000	2.654389	1.941082
12.060000	2.651890	1.937037
12.070000	2.648999	1.933409
12.080000	2.645731	1.930187
12.090000	2.642098	1.927363
12.100000	2.638115	1.924925
12.110000	2.633796	1.922863
12.120000	2.629155	1.921166
12.130000	2.624205	1.919824
12.140000	2.618961	1.918826
12.150000	2.613435	1.918163
12.160000	2.607640	1.917823
12.170000	2.601589	1.917797
12.180000	2.595296	1.918075
12.190000	2.588771	1.918647
12.200000	2.582027	1.919503
12.210000	2.575076	1.920633
12.220000	2.567929	1.922030
12.230000	2.560597	1.923682
12.240000	2.553091	1.925583
12.250000	2.545420	1.927723
12.260000	2.537595	1.930094
12.270000	2.529626	1.932687
12.280000	2.521521	1.935496
12.290000	2.513290	1.938511
12.300000	2.504941	1.941727
12.310000	2.496483	1.945136
12.320000	2.487923	1.948731
12.330000	2.479269	1.952506
12.340000	2.470529	1.956453
12.350000	2.461710	1.960567
12.360000	2.452818	1.964842
12.370000	2.443860	1.969272
12.380000	2.434842	1.973851
12.390000	2.425771	1.978574
12.400000	2.416651	1.983436
12.410000	2.407488	1.988432
12.420000	2.398289	1.993557
12.430000	2.389057	1.998806
12.440000	2.379797	2.004175
12.450000	2.370514	2.009660
12.460000	2.361213	2.015256
12.470000	2.351897	2.020960
12.480000	2.342571	2.026767
12.490000	2.333239	2.032674
12.500000	2.323903	2.038677
12.510000	2.314568	2.044773
12.520000	2.305237	2.050958
12.530000	2.295913	2.057230
12.540000	2.286599	2.063584
12.550000	2.277299	2.070019
12.560000	2.268014	2.076531
12.570000	2.258747	2.083117
12.580000	2.249502	2.089775
12.590000	2.240280	2.096502
12.600000	2.231083	2.103296
12.610000	2.221915	2.110153
12.620000	2.212776	2.117073
12.630000	2.203670	2.124052
12.640000	2.194597	2.131088
12.650000	2.185560	2.138179
12.660000	2.176560	2.145323
12.670000	2.167599	2.152519
12.680000	2.158679	2.159763
12.690000	2.149801	2.167054
12.700000	2.140966	2.174391
12.710000	2.132177	2.181771
12.720000	2.123433	2.189192
12.730000	2.114737	2.196654
12.740000	2.106090	2.204154
12.750000	2.097492	2.211691
12.760000	2.088945	2.219262
12.770000	2.080450	2.226868
12.780000	2.072008	2.234506
12.790000	2.063620	2.242174
12.800000	2.055286	2.249871
12.810000	2.047008	2.257596
12.820000	2.038787	2.265348
12.830000	2.030622	2.273125
12.840000	2.022515	2.280925
12.850000	2.014467	2.288748
12.860000	2.006478	2.296592
12.870000	1.998550	2.304456
12.880000	1.990681	2.312339
12.890000	1.982874	2.320240
12.900000	1.975128	2.328157
12.910000	1.967445	2.336088
12.920000	1.959825	2.344034
12.930000	1.952268	2.351993
12.940000	1.944774	2.359964
12.950000	1.937345	2.367945
12.960000	1.929981	2.375937
12.970000	1.922681	2.383936
12.980000	1.915447	2.391943
12.990000	1.908279	2.399957
13.000000	1.901178	2.407975
13.010000	1.894143	2.415999
13.020000	1.887175	2.424025
13.030000	1.880274	2.432054
13.040000	1.873442	2.440084
13.050000	1.866677	2.448114
13.060000	1.859980	2.456144
13.070000	1.853352	2.464172
13.080000	1.846793	2.472198
13.090000	1.840304	2.480219
13.100000	1.833884	2.488236
13.110000	1.827533	2.496248
13.120000	1.821253	2.504253
13.130000	1.815043	2.512251
13.140000	1.808903	2.520240
13.150000	1.802835	2.528219
13.160000	1.796837	2.536189
13.170000	1.790911	2.544146
13.180000	1.785056	2.552092
13.190000	1.779273	2.560024
13.200000	1.773562	2.567942
13.210000	1.767924	2.575845
13.220000	1.762358	2.583732
13.230000	1.756865	2.591602
13.240000	1.751444	2.599453
13.250000	1.746098	2.607286
13.260000	1.740824	2.615098
13.270000	1.735624	2.622890
13.280000	1.730499	2.630659
13.290000	1.725447	2.638406
13.300000	1.720470	2.646128
13.310000	1.715568	2.653826
13.320000	1.710740	2.661498
13.330000	1.705988	2.669142
13.340000	1.701311	2.676759
13.350000	1.696710	2.684347
13.360000	1.692186	2.691905
13.370000	1.687737	2.699432
13.380000	1.683365	2.706926
13.390000	1.679070	2.714388
13.400000	1.674851	2.721815
13.410000	1.670711	2.729208
13.420000	1.666648	2.736563
13.430000	1.662663	2.743882
13.440000	1.658756	2.751162
13.450000	1.654928	2.758402
13.460000	1.651179	2.765602
13.470000	1.647510	2.772760
13.480000	1.643920	2.779874
13.490000	1.640410	2.786945
13.500000	1.636981	2.793970
13.510000	1.633632	2.800949
13.520000	1.630364	2.807880
13.530000	1.627179	2.814763
13.540000	1.624075	2.821595
13.550000	1.621053	2.828376
13.560000	1.618114	2.835104
13.570000	1.615259	2.841778
13.580000	1.612487	2.848398
13.590000	1.609799	2.854960
13.600000	1.607196	2.861465
13.610000	1.604679	2.867911
13.620000	1.602246	2.874297
13.630000	1.599900	2.880620
13.640000	1.597641	2.886880
13.650000	1.595469	2.893076
13.660000	1.593385	2.899206
13.670000	1.591389	2.905268
13.680000	1.589482	2.911261
13.690000	1.587665	2.917183
13.700000	1.585937	2.923034
13.710000	1.584301	2.928810
13.720000	1.582757	2.934512
13.730000	1.581304	2.940137
13.740000	1.579945	2.945683
13.750000	1.578679	2.951150
13.760000	1.577508	2.956534
13.770000	1.576431	2.961835
13.780000	1.575451	2.967051
13.790000	1.574568	2.972180
13.800000	1.573782	2.977220
13.810000	1.573094	2.982170
13.820000	1.572506	2.987027
13.830000	1.572018	2.991790
13.840000	1.571632	2.996457
13.850000	1.571347	3.001025
13.860000	1.571166	3.005493
13.870000	1.571088	3.009859
13.880000	1.571116	3.014120
13.890000	1.571249	3.018275
13.900000	1.571490	3.022322
13.910000	1.571840	3.026258
13.920000	1.572298	3.030081
13.930000	1.572868	3.033788
13.940000	1.573549	3.037378
13.950000	1.574343	3.040849
13.960000	1.575252	3.044197
13.970000	1.576276	3.047420
13.980000	1.577417	3.050516
13.990000	1.578676	3.053483
14.000000	1.580055	3.056317
14.010000	1.581555	3.059017
14.020000	1.583177	3.061579
14.030000	1.584924	3.064001
14.040000	1.586796	3.066280
14.050000	1.588794	3.068413
14.060000	1.590922	3.070398
14.070000	1.593179	3.072231
14.080000	1.595568	3.073910
14.090000	1.598091	3.075432
14.100000	1.600749	3.076793
14.110000	1.603543	3.077991
14.120000	1.606477	3.079022
14.130000	1.609551	3.079883
14.140000	1.612767	3.080572
14.150000	1.616127	3.081084
14.160000	1.619633	3.081417
14.170000	1.623287	3.081566
14.180000	1.627091	3.081529
14.190000	1.631047	3.081303
14.200000	1.635156	3.080883
14.210000	1.639421	3.080266
14.220000	1.643845	3.079449
14.230000	1.648428	3.078427
14.240000	1.653172	3.077198
14.250000	1.658081	3.075757
14.260000	1.663156	3.074102
14.270000	1.668399	3.072227
14.280000	1.673812	3.070130
14.290000	1.679398	3.067806
14.300000	1.685158	3.065253
14.310000	1.691094	3.062465
14.320000	1.697209	3.059439
14.330000	1.703504	3.056172
14.340000	1.709981	3.052659
14.350000	1.716643	3.048897
14.360000	1.723492	3.044883
14.370000	1.730528	3.040611
14.380000	1.737754	3.036080
14.390000	1.745172	3.031284
14.400000	1.752784	3.026221
14.410000	1.760590	3.020887
14.420000	1.768592	3.015279
14.430000	1.776792	3.009393
14.440000	1.785191	3.003227
14.450000	1.793789	2.996776
14.460000	1.802588	2.990039
14.470000	1.811589	2.983012
14.480000	1.820792	2.975694
14.490000	1.830197	2.968081
14.500000	1.839805	2.960171
14.510000	1.849615	2.951963
14.520000	1.859627	2.943455
14.530000	1.869840	2.934645
14.540000	1.880254	2.925533
14.550000	1.890867	2.916118
14.560000	1.901677	2.906399
14.570000	1.912682	2.896377
14.580000	1.923881	2.886051
14.590000	1.935270	2.875423
14.600000	1.946846	2.864494
14.610000	1.958606	2.853266
14.620000	1.970545	2.841741
14.630000	1.982658	2.829922
14.640000	1.994941	2.817813
14.650000	2.007388	2.805417
14.660000	2.019992	2.792739
14.670000	2.032746	2.779785
14.680000	2.045644	2.766560
14.690000	2.058676	2.753071
14.700000	2.071835	2.739325
14.710000	2.085110	2.725332
14.720000	2.098493	2.711098
14.730000	2.111971	2.696635
14.740000	2.125534	2.681952
14.750000	2.139170	2.667061
14.760000	2.152865	2.651974
14.770000	2.166608	2.636703
14.780000	2.180383	2.621261
14.790000	2.194177	2.605664
14.800000	2.207974	2.589925
14.810000	2.221758	2.574061
14.820000	2.235513	2.558088
14.830000	2.249224	2.542023
14.840000	2.262871	2.525883
14.850000	2.276439	2.509686
14.860000	2.289909	2.493452
14.870000	2.303263	2.477199
14.880000	2.316483	2.460946
14.890000	2.329551	2.444713
14.900000	2.342448	2.428521
14.910000	2.355155	2.412389
14.920000	2.367655	2.396337
14.930000	2.379930	2.380387
14.940000	2.391961	2.364556
14.950000	2.403731	2.348867
14.960000	2.415222	2.333338
14.970000	2.426420	2.317988
14.980000	2.437306	2.302837
14.990000	2.447867	2.287904
15.000000	2.458088	2.273204
15.010000	2.467954	2.258757
15.020000	2.477453	2.244579
15.030000	2.486573	2.230684
15.040000	2.495303	2.217089
15.050000	2.503632	2.203806
15.060000	2.511553	2.190849
15.070000	2.519056	2.178230
15.080000	2.526135	2.165960
15.090000	2.532785	2.154050
15.100000	2.539000	2.142506
15.110000	2.544777	2.131339
15.120000	2.550114	2.120555
15.130000	2.555009	2.110159
15.140000	2.559461	2.100157
15.150000	2.563471	2.090552
15.160000	2.567041	2.081348
15.170000	2.570173	2.072545
15.180000	2.572870	2.064146
15.190000	2.575138	2.056150
15.200000	2.576980	2.048557
15.210000	2.578402	2.041364
15.220000	2.579411	2.034571
15.230000	2.580014	2.028175
15.240000	2.580218	2.022170
15.250000	2.580031	2.016555
15.260000	2.579462	2.011323
15.270000	2.578521	2.006470
15.280000	2.577215	2.001991
15.290000	2.575555	1.997879
15.300000	2.573551	1.994127
15.310000	2.571212	1.990731
15.320000	2.568549	1.987681
15.330000	2.565572	1.984973
15.340000	2.562292	1.982597
15.350000	2.558719	1.980548
15.360000	2.554863	1.978816
15.370000	2.550735	1.977396
15.380000	2.546345	1.976278
15.390000	2.541704	1.975456
15.400000	2.536821	1.974922
15.410000	2.531707	1.974667
15.420000	2.526372	1.974686
15.430000	2.520825	1.974969
15.440000	2.515076	1.975510
15.450000	2.509134	1.976300
15.460000	2.503009	1.977334
15.470000	2.496710	1.978603
15.480000	2.490245	1.980102
15.490000	2.483622	1.981821
15.500000	2.476851	1.983756
15.510000	2.469940	1.985899
15.520000	2.462895	1.988245
15.530000	2.455725	1.990785
15.540000	2.448438	1.993516
15.550000	2.441040	1.996429
15.560000	2.433538	1.999521
15.570000	2.425939	2.002784
15.580000	2.418251	2.006213
15.590000	2.410478	2.009804
15.600000	2.402627	2.013550
15.610000	2.394704	2.017447
15.620000	2.386714	2.021489
15.630000	2.378663	2.025673
15.640000	2.370557	2.029993
15.650000	2.362400	2.034444
15.660000	2.354197	2.039023
15.670000	2.345952	2.043725
15.680000	2.337672	2.048547
15.690000	2.329358	2.053483
15.700000	2.321017	2.058531
15.710000	2.312652	2.063686
15.720000	2.304266	2.068946
15.730000	2.295863	2.074305
15.740000	2.287448	2.079762
15.750000	2.279023	2.085313
15.760000	2.270592	2.090954
15.770000	2.262157	2.096682
15.780000	2.253722	2.102496
15.790000	2.245290	2.108390
15.800000	2.236864	2.114364
15.810000	2.228445	2.120414
15.820000	2.220038	2.126537
15.830000	2.211643	2.132731
15.840000	2.203264	2.138994
15.850000	2.194903	2.145322
15.860000	2.186562	2.151714
15.870000	2.178243	2.158168
15.880000	2.169948	2.164680
15.890000	2.161679	2.171250
15.900000	2.153437	2.177875
15.910000	2.145226	2.184552
15.920000	2.137045	2.191280
15.930000	2.128897	2.198058
15.940000	2.120784	2.204882
15.950000	2.112706	2.211752
15.960000	2.104666	2.218665
15.970000	2.096664	2.225620
15.980000	2.088703	2.232615
15.990000	2.080783	2.239648
16.000000	2.072905	2.246718
16.010000	2.065070	2.253823
16.020000	2.057281	2.260962
16.030000	2.049537	2.268133
16.040000	2.041840	2.275335
16.050000	2.034191	2.282566
16.060000	2.026590	2.289824
16.070000	2.019040	2.297109
16.080000	2.011539	2.304419
16.090000	2.004091	2.311752
16.100000	1.996694	2.319108
16.110000	1.989350	2.326485
16.120000	1.982060	2.333881
16.130000	1.974824	2.341296
16.140000	1.967644	2.348729
16.150000	1.960519	2.356177
16.160000	1.953451	2.363640
16.170000	1.946440	2.371117
16.180000	1.939486	2.378606
16.190000	1.932591	2.386107
16.200000	1.925754	2.393617
16.210000	1.918977	2.401137
16.220000	1.912259	2.408665
16.230000	1.905602	2.416199
16.240000	1.899006	2.423739
16.250000	1.892471	2.431284
16.260000	1.885998	2.438832
16.270000	1.879587	2.446383
16.280000	1.873239	2.453936
16.290000	1.866954	2.461488
16.300000	1.860732	2.469041
16.310000	1.854575	2.476591
16.320000	1.848481	2.484139
16.330000	1.842452	2.491683
16.340000	1.836489	2.499222
16.350000	1.830590	2.506755
16.360000	1.824758	2.514282
16.370000	1.818991	2.521801
16.380000	1.813291	2.529311
16.390000	1.807658	2.536811
16.400000	1.802092	2.544300
16.410000	1.796594	2.551778
16.420000	1.791163	2.559242
16.430000	1.785801	2.566693
16.440000	1.780507	2.574129
16.450000	1.775282	2.581550
16.460000	1.770125	2.588953
16.470000	1.765039	2.596338
16.480000	1.760022	2.603705
16.490000	1.755075	2.611052
16.500000	1.750198	2.618377
16.510000	1.745392	2.625681
16.520000	1.740657	2.632962
16.530000	1.735994	2.640219
16.540000	1.731402	2.647452
16.550000	1.726882	2.654658
16.560000	1.722434	2.661837
16.570000	1.718059	2.668988
16.580000	1.713756	2.676109
16.590000	1.709527	2.683201
16.600000	1.705372	2.690261
16.610000	1.701290	2.697289
16.620000	1.697283	2.704283
16.630000	1.693350	2.711243
16.640000	1.689492	2.718168
16.650000	1.685709	2.725056
16.660000	1.682002	2.731905
16.670000	1.678371	2.738716
16.680000	1.674817	2.745487
16.690000	1.671339	2.752217
16.700000	1.667938	2.758904
16.710000	1.664615	2.765548
16.720000	1.661370	2.772147
16.730000	1.658203	2.778700
16.740000	1.655115	2.785206
16.750000	1.652107	2.791663
16.760000	1.649177	2.798071
16.770000	1.646328	2.804429
16.780000	1.643560	2.810734
16.790000	1.640872	2.816986
16.800000	1.638266	2.823183
16.810000	1.635742	2.829325
16.820000	1.633300	2.835409
16.830000	1.630942	2.841435
16.840000	1.628667	2.847400
16.850000	1.626476	2.853305
16.860000	1.624369	2.859147
16.870000	1.622348	2.864924
16.880000	1.620412	2.870637
16.890000	1.618562	2.876282
16.900000	1.616800	2.881859
16.910000	1.615125	2.887366
16.920000	1.613538	2.892801
16.930000	1.612040	2.898164
16.940000	1.610631	2.903452
16.950000	1.609313	2.908664
16.960000	1.608085	2.913799
16.970000	1.606949	2.918854
16.980000	1.605905	2.923828
16.990000	1.604955	2.928720
17.000000	1.604098	2.933528
17.010000	1.603335	2.938249
17.020000	1.602668	2.942883
17.030000	1.602098	2.947427
17.040000	1.601624	2.951880
17.050000	1.601248	2.956239
17.060000	1.600971	2.960504
17.070000	1.600793	2.964671
17.080000	1.600717	2.968740
17.090000	1.600742	2.972708
17.100000	1.600869	2.976573
17.110000	1.601100	2.980334
17.120000	1.601435	2.983987
17.130000	1.601876	2.987532
17.140000	1.602424	2.990965
17.150000	1.603080	2.994286
17.160000	1.603844	2.997491
17.170000	1.604718	3.000578
17.180000	1.605704	3.003545
17.190000	1.606801	3.006390
17.200000	1.608013	3.009111
17.210000	1.609339	3.011705
17.220000	1.610781	3.014170
17.230000	1.612340	3.016503
17.240000	1.614018	3.018702
17.250000	1.615815	3.020764
17.260000	1.617734	3.022687
17.270000	1.619776	3.024468
17.280000	1.621941	3.026104
17.290000	1.624233	3.027594
17.300000	1.626650	3.028933
17.310000	1.629197	3.030121
17.320000	1.631873	3.031153
17.330000	1.634680	3.032026
17.340000	1.637621	3.032739
17.350000	1.640696	3.033288
17.360000	1.643906	3.033670
17.370000	1.647255	3.033883
17.380000	1.650742	3.033923
17.390000	1.654371	3.033787
17.400000	1.658141	3.033473
17.410000	1.662056	3.032976
17.420000	1.666117	3.032295
17.430000	1.670325	3.031426
17.440000	1.674681	3.030366
17.450000	1.679189	3.029112
17.460000	1.683849	3.027660
17.470000	1.688662	3.026008
17.480000	1.693632	3.024152
17.490000	1.698758	3.022089
17.500000	1.704044	3.019816
17.510000	1.709489	3.017330
17.520000	1.715097	3.014627
17.530000	1.720868	3.011705
17.540000	1.726804	3.008560
17.550000	1.732907	3.005190
17.560000	1.739178	3.001590
17.570000	1.745617	2.997759
17.580000	1.752227	2.993693
17.590000	1.759009	2.989389
17.600000	1.765963	2.984844
17.610000	1.773092	2.980056
17.620000	1.780395	2.975022
17.630000	1.787874	2.969739
17.640000	1.795529	2.964206
17.650000	1.803361	2.958418
17.660000	1.811370	2.952375
17.670000	1.819557	2.946075
17.680000	1.827922	2.939514
17.690000	1.836465	2.932692
17.700000	1.845185	2.925608
17.710000	1.854082	2.918258
17.720000	1.863156	2.910644
17.730000	1.872405	2.902763
17.740000	1.881829	2.894615
17.750000	1.891425	2.886200
17.760000	1.901193	2.877518
17.770000	1.911131	2.868569
17.780000	1.921235	2.859353
17.790000	1.931504	2.849872
17.800000	1.941934	2.840127
17.810000	1.952522	2.830119
17.820000	1.963265	2.819852
17.830000	1.974157	2.809326
17.840000	1.985196	2.798546
17.850000	1.996375	2.787515
17.860000	2.007689	2.776237
17.870000	2.019133	2.764717
17.880000	2.030699	2.752959
17.890000	2.042382	2.740969
17.900000	2.054174	2.728753
17.910000	2.066067	2.716319
17.920000	2.078053	2.703672
17.930000	2.090122	2.690822
17.940000	2.102266	2.677777
17.950000	2.114475	2.664545
17.960000	2.126739	2.651137
17.970000	2.139046	2.637562
17.980000	2.151385	2.623833
17.990000	2.163745	2.609959
18.000000	2.176113	2.595953
18.010000	2.188477	2.581828
18.020000	2.200823	2.567597
18.030000	2.213139	2.553274
18.040000	2.225409	2.538872
18.050000	2.237621	2.524406
18.060000	2.249759	2.509891
18.070000	2.261810	2.495343
18.080000	2.273758	2.480777
18.090000	2.285588	2.466210
18.100000	2.297285	2.451656
18.110000	2.308835	2.437134
18.120000	2.320221	2.422659
18.130000	2.331430	2.408248
18.140000	2.342446	2.393918
18.150000	2.353255	2.379684
18.160000	2.363842	2.365565
18.170000	2.374193	2.351575
18.180000	2.384295	2.337731
18.190000	2.394134	2.324049
18.200000	2.403698	2.310544
18.210000	2.412974	2.297231
18.220000	2.421951	2.284125
18.230000	2.430617	2.271239
18.240000	2.438962	2.258588
18.250000	2.446977	2.246183
18.260000	2.454653	2.234037
18.270000	2.461982	2.222162
18.280000	2.468956	2.210568
18.290000	2.475570	2.199265
18.300000	2.481816	2.188263
18.310000	2.487691	2.177569
18.320000	2.493191	2.167193
18.330000	2.498312	2.157140
18.340000	2.503053	2.147416
18.350000	2.507411	2.138027
18.360000	2.511387	2.128978
18.370000	2.514979	2.120271
18.380000	2.518190	2.111910
18.390000	2.521021	2.103898
18.400000	2.523474	2.096234
18.410000	2.525552	2.088922
18.420000	2.527259	2.081959
18.430000	2.528599	2.075347
18.440000	2.529577	2.069083
18.450000	2.530198	2.063166
18.460000	2.530468	2.057594
18.470000	2.530393	2.052364
18.480000	2.529980	2.047473
18.490000	2.529236	2.042918
18.500000	2.528168	2.038693
18.510000	2.526783	2.034796
18.520000	2.525091	2.031221
18.530000	2.523098	2.027963
18.540000	2.520812	2.025017
18.550000	2.518243	2.022378
18.560000	2.515399	2.020040
18.570000	2.512287	2.017998
18.580000	2.508918	2.016244
18.590000	2.505299	2.014774
18.600000	2.501438	2.013582
18.610000	2.497346	2.012660
18.620000	2.493029	2.012003
18.630000	2.488498	2.011604
18.640000	2.483759	2.011458
18.650000	2.478821	2.011558
18.660000	2.473693	2.011898
18.670000	2.468383	2.012471
18.680000	2.462898	2.013272
18.690000	2.457246	2.014295
18.700000	2.451436	2.015533
18.710000	2.445474	2.016980
18.720000	2.439368	2.018632
18.730000	2.433125	2.020481
18.740000	2.426752	2.022523
18.750000	2.420256	2.024752
18.760000	2.413643	2.027162
18.770000	2.406920	2.029748
18.780000	2.400094	2.032505
18.790000	2.393169	2.035429
18.800000	2.386154	2.038513
18.810000	2.379052	2.041753
18.820000	2.371870	2.045145
18.830000	2.364612	2.048683
18.840000	2.357286	2.052364
18.850000	2.349894	2.056183
18.860000	2.342443	2.060135
18.870000	2.334937	2.064217
18.880000	2.327380	2.068424
18.890000	2.319778	2.072752
18.900000	2.312134	2.077199
18.910000	2.304452	2.081759
18.920000	2.296736	2.086430
18.930000	2.288991	2.091208
18.940000	2.281220	2.096089
18.950000	2.273427	2.101070
18.960000	2.265614	2.106148
18.970000	2.257786	2.111320
18.980000	2.249946	2.116583
18.990000	2.242096	2.121933
19.000000	2.234240	2.127369
19.010000	2.226380	2.132886
19.020000	2.218519	2.138483
19.030000	2.210661	2.144156
19.040000	2.202806	2.149904
19.050000	2.194959	2.155723
19.060000	2.187121	2.161612
19.070000	2.179294	2.167567
19.080000	2.171481	2.173587
19.090000	2.163684	2.179670
19.100000	2.155905	2.185812
19.110000	2.148146	2.192012
19.120000	2.140408	2.198268
19.130000	2.132694	2.204579
19.140000	2.125005	2.210941
19.150000	2.117343	2.217353
19.160000	2.109709	2.223813
19.170000	2.102106	2.230319
19.180000	2.094534	2.236870
19.190000	2.086995	2.243464
19.200000	2.079490	2.250098
19.210000	2.072022	2.256772
19.220000	2.064590	2.263484
19.230000	2.057196	2.270232
19.240000	2.049842	2.277014
19.250000	2.042528	2.283829
19.260000	2.035256	2.290676
19.270000	2.028026	2.297553
19.280000	2.020841	2.304459
19.290000	2.013699	2.311391
19.300000	2.006604	2.318350
19.310000	1.999555	2.325332
19.320000	1.992554	2.332338
19.330000	1.985601	2.339366
19.340000	1.978697	2.346414
19.350000	1.971843	2.353481
19.360000	1.965039	2.360566
19.370000	1.958287	2.367667
19.380000	1.951588	2.374784
19.390000	1.944941	2.381915
19.400000	1.938347	2.389059
19.410000	1.931808	2.396215
19.420000	1.925323	2.403382
19.430000	1.918894	2.410558
19.440000	1.912521	2.417742
19.450000	1.906204	2.424933
19.460000	1.899945	2.432131
19.470000	1.893743	2.439333
19.480000	1.887599	2.446540
19.490000	1.881514	2.453749
19.500000	1.875488	2.460959
19.510000	1.869522	2.468170
19.520000	1.863616	2.475381
19.530000	1.857771	2.482590
19.540000	1.851987	2.489797
19.550000	1.846264	2.497000
19.560000	1.840603	2.504198
19.570000	1.835004	2.511391
19.580000	1.829469	2.518576
19.590000	1.823996	2.525754
19.600000	1.818587	2.532923
19.610000	1.813243	2.540082
19.620000	1.807962	2.547230
19.630000	1.802746	2.554366
19.640000	1.797596	2.561489
19.650000	1.792511	2.568598
19.660000	1.787492	2.575692
19.670000	1.782539	2.582770
19.680000	1.777652	2.589831
19.690000	1.772833	2.596874
19.700000	1.768081	2.603897
19.710000	1.763397	2.610901
19.720000	1.758781	2.617883
19.730000	1.754234	2.624843
19.740000	1.749755	2.631779
19.750000	1.745345	2.638691
19.760000	1.741005	2.645578
19.770000	1.736735	2.652438
19.780000	1.732535	2.659271
19.790000	1.728405	2.666075
19.800000	1.724347	2.672849
19.810000	1.720360	2.679593
19.820000	1.716445	2.686304
19.830000	1.712601	2.692983
19.840000	1.708830	2.699628
19.850000	1.705133	2.706238
19.860000	1.701508	2.712811
19.870000	1.697957	2.719347
19.880000	1.694480	2.725845
19.890000	1.691077	2.732302
19.900000	1.687749	2.738719
19.910000	1.684497	2.745095
19.920000	1.681320	2.751427
19.930000	1.678219	2.757714
19.940000	1.675194	2.763956
19.950000	1.672247	2.770152
19.960000	1.669377	2.776299
19.970000	1.666585	2.782398
19.980000	1.663871	2.788446
19.990000	1.661236	2.794442
20.000000	1.658680	2.800386
20.010000	1.656204	2.806275
20.020000	1.653808	2.812109
20.030000	1.651493	2.817886
20.040000	1.649259	2.823604
20.050000	1.647108	2.829264
20.060000	1.645038	2.834862
20.070000	1.643051	2.840399
20.080000	1.641148	2.845871
20.090000	1.639329	2.851279
20.100000	1.637595	2.856620
20.110000	1.635945	2.861893
20.120000	1.634382	2.867097
20.130000	1.632905	2.872230
20.140000	1.631515	2.877291
20.150000	1.630213	2.882278
20.160000	1.629000	2.887189
20.170000	1.627875	2.892024
20.180000	1.626841	2.896779
20.190000	1.625897	2.901455
20.200000	1.625044	2.906049
20.210000	1.624284	2.910559
20.220000	1.623616	2.914984
20.230000	1.623042	2.919322
20.240000	1.622562	2.923571
20.250000	1.622177	2.927730
20.260000	1.621888	2.931797
20.270000	1.621697	2.935770
20.280000	1.621603	2.939647
20.290000	1.621607	2.943426
20.300000	1.621712	2.947106
20.310000	1.621916	2.950684
20.320000	1.622222	2.954159
20.330000	1.622631	2.957528
20.340000	1.623143	2.960790
20.350000	1.623759	2.963943
20.360000	1.624480	2.966983
20.370000	1.625308	2.969911
20.380000	1.626244	2.972722
20.390000	1.627288	2.975416
20.400000	1.628442	2.977989
20.410000	1.629706	2.980440
20.420000	1.631082	2.982767
20.430000	1.632572	2.984966
20.440000	1.634176	2.987037
20.450000	1.635895	2.988976
20.460000	1.637731	2.990781
20.470000	1.639684	2.992450
20.480000	1.641757	2.993980
20.490000	1.643951	2.995370
20.500000	1.646266	2.996615
20.510000	1.648704	2.997714
20.520000	1.651266	2.998665
20.530000	1.653954	2.999464
20.540000	1.656769	3.000110
20.550000	1.659712	3.000599
20.560000	1.662786	3.000928
20.570000	1.665990	3.001096
20.580000	1.669326	3.001100
20.590000	1.672797	3.000936
20.600000	1.676403	3.000602
20.610000	1.680145	3.000096
20.620000	1.684026	2.999413
20.630000	1.688046	2.998553
20.640000	1.692207	2.997512
20.650000	1.696510	2.996286
20.660000	1.700957	2.994874
20.670000	1.705549	2.993273
20.680000	1.710288	2.991479
20.690000	1.715174	2.989490
20.700000	1.720209	2.987303
20.710000	1.725394	2.984916
20.720000	1.730731	2.982325
20.730000	1.736220	2.979528
20.740000	1.741864	2.976523
20.750000	1.747662	2.973305
20.760000	1.753617	2.969874
20.770000	1.759729	2.966226
20.780000	1.765999	2.962359
20.790000	1.772427	2.958270
20.800000	1.779016	2.953958
20.810000	1.785764	2.949419
20.820000	1.792674	2.944651
20.830000	1.799745	2.939653
20.840000	1.806978	2.934423
20.850000	1.814374	2.928958
20.860000	1.821931	2.923257
20.870000	1.829651	2.917318
20.880000	1.837533	2.911139
20.890000	1.845576	2.904721
20.900000	1.853781	2.898060
20.910000	1.862146	2.891157
20.920000	1.870670	2.884011
20.930000	1.879353	2.876622
20.940000	1.888194	2.868988
20.950000	1.897189	2.861110
20.960000	1.906339	2.852989
20.970000	1.915640	2.844625
20.980000	1.925090	2.836018
20.990000	1.934686	2.827171
21.000000	1.944426	2.818084
21.010000	1.954307	2.808759
21.020000	1.964324	2.799199
21.030000	1.974473	2.789406
21.040000	1.984751	2.779384
21.050000	1.995153	2.769135
21.060000	2.005673	2.758663
21.070000	2.016306	2.747973
21.080000	2.027046	2.737070
21.090000	2.037887	2.725959
21.100000	2.048822	2.714644
21.110000	2.059845	2.703134
21.120000	2.070947	2.691433
21.130000	2.082121	2.679549
21.140000	2.093358	2.667491
21.150000	2.104650	2.655265
21.160000	2.115988	2.642882
21.170000	2.127361	2.630348
21.180000	2.138760	2.617676
21.190000	2.150175	2.604874
21.200000	2.161594	2.591952
21.210000	2.173007	2.578924
21.220000	2.184402	2.565798
21.230000	2.195768	2.552588
21.240000	2.207092	2.539306
21.250000	2.218363	2.525965
21.260000	2.229567	2.512577
21.270000	2.240693	2.499156
21.280000	2.251726	2.485715
21.290000	2.262655	2.472269
21.300000	2.273467	2.458831
21.310000	2.284147	2.445416
21.320000	2.294683	2.432038
21.330000	2.305063	2.418712
21.340000	2.315273	2.405451
21.350000	2.325301	2.392271
21.360000	2.335133	2.379185
21.370000	2.344759	2.366208
21.380000	2.354165	2.353355
21.390000	2.363340	2.340638
21.400000	2.372273	2.328071
21.410000	2.380953	2.315669
21.420000	2.389370	2.303443
21.430000	2.397513	2.291406
21.440000	2.405374	2.279570
21.450000	2.412943	2.267946
21.460000	2.420213	2.256547
21.470000	2.427176	2.245382
21.480000	2.433825	2.234461
21.490000	2.440154	2.223794
21.500000	2.446157	2.213389
21.510000	2.451830	2.203255
21.520000	2.457168	2.193398
21.530000	2.462168	2.183827
21.540000	2.466828	2.174545
21.550000	2.471144	2.165560
21.560000	2.475117	2.156877
21.570000	2.478745	2.148498
21.580000	2.482027	2.140428
21.590000	2.484966	2.132669
21.600000	2.487561	2.125224
21.610000	2.489816	2.118094
21.620000	2.491731	2.111280
21.630000	2.493311	2.104783
21.640000	2.494558	2.098603
21.650000	2.495477	2.092738
21.660000	2.496072	2.087189
21.670000	2.496347	2.081953
21.680000	2.496308	2.077028
21.690000	2.495961	2.072412
21.700000	2.495311	2.068103
21.710000	2.494364	2.064096
21.720000	2.493127	2.060389
21.730000	2.491607	2.056979
21.740000	2.489810	2.053859
21.750000	2.487743	2.051028
21.760000	2.485414	2.048480
21.770000	2.482830	2.046210
21.780000	2.479997	2.044214
21.790000	2.476925	2.042487
21.800000	2.473619	2.041023
21.810000	2.470088	2.039818
21.820000	2.466338	2.038867
21.830000	2.462379	2.038163
21.840000	2.458216	2.037702
21.850000	2.453858	2.037478
21.860000	2.449312	2.037486
21.870000	2.444584	2.037720
21.880000	2.439683	2.038175
21.890000	2.434616	2.038846
21.900000	2.429388	2.039727
21.910000	2.424008	2.040813
21.920000	2.418482	2.042099
21.930000	2.412817	2.043580
21.940000	2.407018	2.045250
21.950000	2.401094	2.047104
21.960000	2.395049	2.049138
21.970000	2.388890	2.051347
21.980000	2.382623	2.053725
21.990000	2.376253	2.056269
22.000000	2.369787	2.058973
22.010000	2.363229	2.061832
22.020000	2.356586	2.064843
22.030000	2.349861	2.068002
22.040000	2.343062	2.071303
22.050000	2.336191	2.074743
22.060000	2.329255	2.078317
22.070000	2.322257	2.082022
22.080000	2.315203	2.085854
22.090000	2.308096	2.089809
22.100000	2.300940	2.093883
22.110000	2.293741	2.098073
22.120000	2.286501	2.102376
22.130000	2.279225	2.106787
22.140000	2.271917	2.111303
22.150000	2.264579	2.115922
22.160000	2.257215	2.120640
22.170000	2.249829	2.125453
22.180000	2.242424	2.130360
22.190000	2.235003	2.135357
22.200000	2.227569	2.140441
22.210000	2.220125	2.145609
22.220000	2.212674	2.150859
22.230000	2.205218	2.156189
22.240000	2.197760	2.161594
22.250000	2.190303	2.167074
22.260000	2.182848	2.172625
22.270000	2.175399	2.178246
22.280000	2.167958	2.183934
22.290000	2.160526	2.189686
22.300000	2.153106	2.195500
22.310000	2.145700	2.201375
22.320000	2.138310	2.207308
22.330000	2.130938	2.213297
22.340000	2.123585	2.219341
22.350000	2.116254	2.225436
22.360000	2.108945	2.231582
22.370000	2.101661	2.237776
22.380000	2.094404	2.244017
22.390000	2.087174	2.250303
22.400000	2.079974	2.256632
22.410000	2.072804	2.263002
22.420000	2.065666	2.269412
22.430000	2.058561	2.275860
22.440000	2.051491	2.282345
22.450000	2.044456	2.288864
22.460000	2.037459	2.295417
22.470000	2.030500	2.302002
22.480000	2.023580	2.308617
22.490000	2.016700	2.315261
22.500000	2.009861	2.321932
22.510000	2.003065	2.328630
22.520000	1.996312	2.335352
22.530000	1.989603	2.342098
22.540000	1.982940	2.348866
22.550000	1.976322	2.355654
22.560000	1.969751	2.362462
22.570000	1.963227	2.369288
22.580000	1.956752	2.376131
22.590000	1.950326	2.382989
22.600000	1.943950	2.389862
22.610000	1.937625	2.396748
22.620000	1.931350	2.403646
22.630000	1.925128	2.410555
22.640000	1.918958	2.417473
22.650000	1.912842	2.424400
22.660000	1.906779	2.431334
22.670000	1.900771	2.438275
22.680000	1.894818	2.445220
22.690000	1.888921	2.452169
22.700000	1.883079	2.459121
22.710000	1.877295	2.466075
22.720000	1.871567	2.473030
22.730000	1.865898	2.479984
22.740000	1.860286	2.486936
22.750000	1.854734	2.493886
22.760000	1.849240	2.500832
22.770000	1.843806	2.507773
22.780000	1.838433	2.514709
22.790000	1.833120	2.521637
22.800000	1.827868	2.528558
22.810000	1.822678	2.535470
22.820000	1.817549	2.542371
22.830000	1.812483	2.549262
22.840000	1.807480	2.556141
22.850000	1.802540	2.563006
22.860000	1.797663	2.569857
22.870000	1.792851	2.576693
22.880000	1.788103	2.583512
22.890000	1.783419	2.590315
22.900000	1.778801	2.597098
22.910000	1.774249	2.603863
22.920000	1.769763	2.610607
22.930000	1.765343	2.617329
22.940000	1.760989	2.624029
22.950000	1.756703	2.630705
22.960000	1.752485	2.637356
22.970000	1.748334	2.643982
22.980000	1.744252	2.650581
22.990000	1.740239	2.657152
23.000000	1.736294	2.663694
23.010000	1.732420	2.670206
23.020000	1.728615	2.676686
23.030000	1.724880	2.683135
23.040000	1.721216	2.689550
23.050000	1.717623	2.695930
23.060000	1.714102	2.702275
23.070000	1.710653	2.708584
23.080000	1.707276	2.714854
23.090000	1.703972	2.721086
23.100000	1.700741	2.727277
23.110000	1.697583	2.733427
23.120000	1.694500	2.739535
23.130000	1.691491	2.745599
23.140000	1.688557	2.751618
23.150000	1.685698	2.757591
23.160000	1.682915	2.763516
23.170000	1.680209	2.769394
23.180000	1.677579	2.775221
23.190000	1.675027	2.780998
23.200000	1.672552	2.786723
23.210000	1.670156	2.792394
23.220000	1.667838	2.798010
23.230000	1.665599	2.803570
23.240000	1.663441	2.809073
23.250000	1.661362	2.814517
23.260000	1.659365	2.819901
23.270000	1.657448	2.825223
23.280000	1.655614	2.830483
23.290000	1.653862	2.835678
23.300000	1.652194	2.840808
23.310000	1.650609	2.845871
23.320000	1.649109	2.850866
23.330000	1.647693	2.855790
23.340000	1.646363	2.860643
23.350000	1.645119	2.865423
23.360000	1.643963	2.870129
23.370000	1.642893	2.874758
23.380000	1.641912	2.879311
23.390000	1.641020	2.883784
23.400000	1.640218	2.888176
23.410000	1.639506	2.892486
23.420000	1.638885	2.896712
23.430000	1.638356	2.900852
23.440000	1.637919	2.904905
23.450000	1.637576	2.908868
23.460000	1.637328	2.912741
23.470000	1.637174	2.916522
23.480000	1.637116	2.920208
23.490000	1.637155	2.923798
23.500000	1.637292	2.927290
23.510000	1.637527	2.930682
23.520000	1.637861	2.933972
23.530000	1.638296	2.937159
23.540000	1.638832	2.940240
23.550000	1.639470	2.943213
23.560000	1.640211	2.946077
23.570000	1.641057	2.948830
23.580000	1.642007	2.951468
23.590000	1.643064	2.953992
23.600000	1.644228	2.956397
23.610000	1.645500	2.958683
23.620000	1.646881	2.960846
23.630000	1.648373	2.962886
23.640000	1.649976	2.964799
23.650000	1.651692	2.966583
23.660000	1.653521	2.968237
23.670000	1.655466	2.969758
23.680000	1.657526	2.971143
23.690000	1.659703	2.972390
23.700000	1.661999	2.973497
23.710000	1.664414	2.974462
23.720000	1.666950	2.975282
23.730000	1.669608	2.975955
23.740000	1.672389	2.976478
23.750000	1.675294	2.976848
23.760000	1.678325	2.977065
23.770000	1.681483	2.977124
23.780000	1.684769	2.977023
23.790000	1.688184	2.976760
23.800000	1.691729	2.976333
23.810000	1.695407	2.975738
23.820000	1.699217	2.974974
23.830000	1.703161	2.974037
23.840000	1.707241	2.972926
23.850000	1.711458	2.971637
23.860000	1.715812	2.970168
23.870000	1.720306	2.968516
23.880000	1.724939	2.966680
23.890000	1.729714	2.964656
23.900000	1.734631	2.962441
23.910000	1.739691	2.960035
23.920000	1.744896	2.957433
23.930000	1.750246	2.954634
23.940000	1.755742	2.951635
23.950000	1.761386	2.948434
23.960000	1.767177	2.945029
23.970000	1.773118	2.941417
23.980000	1.779207	2.937596
23.990000	1.785447	2.933565
24.000000	1.791836	2.929320
24.010000	1.798377	2.924861
24.020000	1.805069	2.920185
24.030000	1.811913	2.915291
24.040000	1.818908	2.910177
24.050000	1.826055	2.904841
24.060000	1.833353	2.899283
24.070000	1.840802	2.893500
24.080000	1.848401	2.887493
24.090000	1.856151	2.881259
24.100000	1.864050	2.874799
24.110000	1.872097	2.868111
24.120000	1.880291	2.861196
24.130000	1.888631	2.854053
24.140000	1.897115	2.846683
24.150000	1.905741	2.839085
24.160000	1.914508	2.831261
24.170000	1.923413	2.823211
24.180000	1.932454	2.814936
24.190000	1.941627	2.806439
24.200000	1.950929	2.797720
24.210000	1.960358	2.788781
24.220000	1.969910	2.779626
24.230000	1.979580	2.770257
24.240000	1.989364	2.760677
24.250000	1.999258	2.750889
24.260000	2.009257	2.740898
24.270000	2.019354	2.730708
24.280000	2.029546	2.720323
24.290000	2.039825	2.709749
24.300000	2.050185	2.698991
24.310000	2.060619	2.688054
24.320000	2.071121	2.676946
24.330000	2.081682	2.665674
24.340000	2.092296	2.654244
24.350000	2.102953	2.642663
24.360000	2.113645	2.630942
24.370000	2.124363	2.619087
24.380000	2.135099	2.607108
24.390000	2.145842	2.595014
24.400000	2.156582	2.582815
24.410000	2.167310	2.570521
24.420000	2.178015	2.558143
24.430000	2.188686	2.545692
24.440000	2.199312	2.533179
24.450000	2.209883	2.520615
24.460000	2.220386	2.508013
24.470000	2.230811	2.495385
24.480000	2.241145	2.482742
24.490000	2.251378	2.470098
24.500000	2.261497	2.457465
24.510000	2.271491	2.444856
24.520000	2.281349	2.432284
24.530000	2.291057	2.419762
24.540000	2.300606	2.407303
24.550000	2.309983	2.394920
24.560000	2.319177	2.382625
24.570000	2.328178	2.370433
24.580000	2.336974	2.358354
24.590000	2.345556	2.346403
24.600000	2.353913	2.334590
24.610000	2.362036	2.322928
24.620000	2.369915	2.311429
24.630000	2.377541	2.300103
24.640000	2.384907	2.288962
24.650000	2.392004	2.278017
24.660000	2.398824	2.267276
24.670000	2.405362	2.256750
24.680000	2.411611	2.246448
24.690000	2.417564	2.236378
24.700000	2.423218	2.226548
24.710000	2.428568	2.216967
24.720000	2.433609	2.207640
24.730000	2.438339	2.198574
24.740000	2.442755	2.189774
24.750000	2.446854	2.181247
24.760000	2.450637	2.172997
24.770000	2.454100	2.165027
24.780000	2.457245	2.157340
24.790000	2.460072	2.149941
24.800000	2.462581	2.142831
24.810000	2.464774	2.136013
24.820000	2.466653	2.129486
24.830000	2.468220	2.123253
24.840000	2.469477	2.117313
24.850000	2.470429	2.111666
24.860000	2.471079	2.106312
24.870000	2.471430	2.101250
24.880000	2.471488	2.096478
24.890000	2.471257	2.091994
24.900000	2.470742	2.087797
24.910000	2.469949	2.083883
24.920000	2.468882	2.080250
24.930000	2.467548	2.076895
24.940000	2.465953	2.073814
24.950000	2.464103	2.071005
24.960000	2.462004	2.068463
24.970000	2.459663	2.066184
24.980000	2.457086	2.064164
24.990000	2.454280	2.062399
25.000000	2.451252	2.060885
25.010000	2.448008	2.059616
25.020000	2.444555	2.058589
25.030000	2.440900	2.057799
25.040000	2.437049	2.057240
25.050000	2.433010	2.056909
25.060000	2.428789	2.056800
25.070000	2.424393	2.056908
25.080000	2.419828	2.057230
25.090000	2.415100	2.057758
25.100000	2.410217	2.058490
25.110000	2.405185	2.059421
25.120000	2.400010	2.060544
25.130000	2.394697	2.061856
25.140000	2.389254	2.063352
25.150000	2.383686	2.065028
25.160000	2.377999	2.066878
25.170000	2.372199	2.068899
25.180000	2.366290	2.071085
25.190000	2.360280	2.073433
25.200000	2.354172	2.075937
25.210000	2.347973	2.078595
25.220000	2.341687	2.081401
25.230000	2.335320	2.084352
25.240000	2.328875	2.087443
25.250000	2.322358	2.090671
25.260000	2.315774	2.094032
25.270000	2.309127	2.097522
25.280000	2.302420	2.101137
25.290000	2.295659	2.104873
25.300000	2.288847	2.108729
25.310000	2.281989	2.112698
25.320000	2.275088	2.116780
25.330000	2.268148	2.120969
25.340000	2.261172	2.125263
25.350000	2.254164	2.129659
25.360000	2.247128	2.134154
25.370000	2.240066	2.138744
25.380000	2.232982	2.143428
25.390000	2.225879	2.148201
25.400000	2.218760	2.153062
25.410000	2.211627	2.158007
25.420000	2.204484	2.163034
25.430000	2.197333	2.168140
25.440000	2.190177	2.173323
25.450000	2.183018	2.178580
25.460000	2.175858	2.183909
25.470000	2.168701	2.189308
25.480000	2.161548	2.194774
25.490000	2.154401	2.200305
25.500000	2.147263	2.205900
25.510000	2.140135	2.211554
25.520000	2.133020	2.217268
25.530000	2.125920	2.223038
25.540000	2.118836	2.228863
25.550000	2.111769	2.234741
25.560000	2.104723	2.240670
25.570000	2.097698	2.246647
25.580000	2.090696	2.252672
25.590000	2.083719	2.258742
25.600000	2.076768	2.264856
25.610000	2.069844	2.271012
25.620000	2.062950	2.277209
25.630000	2.056085	2.283443
25.640000	2.049253	2.289715
25.650000	2.042453	2.296023
25.660000	2.035687	2.302364
25.670000	2.028956	2.308738
25.680000	2.022261	2.315143
25.690000	2.015604	2.321577
25.700000	2.008986	2.328040
25.710000	2.002407	2.334529
25.720000	1.995869	2.341043
25.730000	1.989372	2.347581
25.740000	1.982917	2.354142
25.750000	1.976506	2.360724
25.760000	1.970140	2.367326
25.770000	1.963818	2.373946
25.780000	1.957542	2.380584
25.790000	1.951313	2.387238
25.800000	1.945131	2.393906
25.810000	1.938997	2.400589
25.820000	1.932912	2.407283
25.830000	1.926877	2.413989
25.840000	1.920893	2.420705
25.850000	1.914959	2.427430
25.860000	1.909077	2.434162
25.870000	1.903247	2.440901
25.880000	1.897471	2.447646
25.890000	1.891747	2.454394
25.900000	1.886078	2.461146
25.910000	1.880463	2.467900
25.920000	1.874904	2.474655
25.930000	1.869400	2.481409
25.940000	1.863953	2.488162
25.950000	1.858563	2.494913
25.960000	1.853230	2.501661
25.970000	1.847954	2.508404
25.980000	1.842738	2.515141
25.990000	1.837579	2.521872
26.000000	1.832481	2.528595
26.010000	1.827442	2.535309
26.020000	1.822463	2.542013
26.030000	1.817545	2.548707
26.040000	1.812688	2.555388
26.050000	1.807893	2.562057
26.060000	1.803159	2.568711
26.070000	1.798488	2.575350
26.080000	1.793880	2.581974
26.090000	1.789335	2.588580
26.100000	1.784854	2.595167
26.110000	1.780438	2.601736
26.120000	1.776085	2.608284
26.130000	1.771798	2.614810
26.140000	1.767576	2.621314
26.150000	1.763420	2.627794
26.160000	1.759330	2.634250
26.170000	1.755306	2.640680
26.180000	1.751350	2.647084
26.190000	1.747461	2.653459
26.200000	1.743640	2.659806
26.210000	1.739887	2.666122
26.220000	1.736203	2.672407
26.230000	1.732588	2.678660
26.240000	1.729042	2.684880
26.250000	1.725566	2.691065
26.260000	1.722161	2.697215
26.270000	1.718826	2.703328
26.280000	1.715563	2.709403
26.290000	1.712371	2.715440
26.300000	1.709251	2.721436
26.310000	1.706204	2.727390
26.320000	1.703230	2.733303
26.330000	1.700329	2.739171
26.340000	1.697502	2.744995
26.350000	1.694749	2.750773
26.360000	1.692071	2.756503
26.370000	1.689469	2.762185
26.380000	1.686942	2.767817
26.390000	1.684491	2.773399
26.400000	1.682117	2.778928
26.410000	1.679820	2.784403
26.420000	1.677601	2.789824
26.430000	1.675460	2.795189
26.440000	1.673398	2.800496
26.450000	1.671416	2.805745
26.460000	1.669513	2.810934
26.470000	1.667691	2.816061
26.480000	1.665949	2.821125
26.490000	1.664289	2.826126
26.500000	1.662712	2.831060
26.510000	1.661217	2.835928
26.520000	1.659805	2.840728
26.530000	1.658478	2.845457
26.540000	1.657235	2.850115
26.550000	1.656077	2.854701
26.560000	1.655005	2.859212
26.570000	1.654020	2.863647
26.580000	1.653122	2.868005
26.590000	1.652311	2.872284
26.600000	1.651590	2.876482
26.610000	1.650958	2.880599
26.620000	1.650416	2.884631
26.630000	1.649964	2.888578
26.640000	1.649605	2.892438
26.650000	1.649337	2.896210
26.660000	1.649163	2.899891
26.670000	1.649083	2.903479
26.680000	1.649097	2.906974
26.690000	1.649207	2.910373
26.700000	1.649413	2.913675
26.710000	1.649717	2.916877
26.720000	1.650119	2.919978
26.730000	1.650619	2.922976
26.740000	1.651220	2.925869
26.750000	1.651922	2.928656
26.760000	1.652725	2.931333
26.770000	1.653631	2.933900
26.780000	1.654640	2.936354
26.790000	1.655754	2.938694
26.800000	1.656974	2.940917
26.810000	1.658300	2.943021
26.820000	1.659734	2.945004
26.830000	1.661276	2.946864
26.840000	1.662929	2.948599
26.850000	1.664691	2.950207
26.860000	1.666566	2.951685
26.870000	1.668553	2.953032
26.880000	1.670655	2.954246
26.890000	1.672871	2.955323
26.900000	1.675203	2.956262
26.910000	1.677653	2.957060
26.920000	1.680221	2.957716
26.930000	1.682908	2.958226
26.940000	1.685716	2.958589
26.950000	1.688645	2.958803
26.960000	1.691697	2.958864
26.970000	1.694874	2.958771
26.980000	1.698175	2.958521
26.990000	1.701602	2.958112
27.000000	1.705156	2.957542
27.010000	1.708839	2.956807
27.020000	1.712652	2.955906
27.030000	1.716595	2.954837
27.040000	1.720669	2.953597
27.050000	1.724876	2.952183
27.060000	1.729217	2.950594
27.070000	1.733692	2.948826
27.080000	1.738303	2.946878
27.090000	1.743051	2.944748
27.100000	1.747936	2.942432
27.110000	1.752959	2.939929
27.120000	1.758122	2.937237
27.130000	1.763424	2.934353
27.140000	1.768867	2.931276
27.150000	1.774451	2.928003
27.160000	1.780178	2.924532
27.170000	1.786046	2.920862
27.180000	1.792058	2.916990
27.190000	1.798213	2.912914
27.200000	1.804511	2.908634
27.210000	1.810953	2.904147
27.220000	1.817539	2.899451
27.230000	1.824269	2.894546
27.240000	1.831142	2.889431
27.250000	1.838158	2.884103
27.260000	1.845317	2.878562
27.270000	1.852619	2.872807
27.280000	1.860062	2.866838
27.290000	1.867646	2.860653
27.300000	1.875370	2.854253
27.310000	1.883232	2.847637
27.320000	1.891232	2.840805
27.330000	1.899366	2.833758
27.340000	1.907635	2.826496
27.350000	1.916035	2.819020
27.360000	1.924564	2.811330
27.370000	1.933221	2.803428
27.380000	1.942001	2.795315
27.390000	1.950903	2.786993
27.400000	1.959922	2.778465
27.410000	1.969056	2.769732
27.420000	1.978300	2.760797
27.430000	1.987651	2.751664
27.440000	1.997103	2.742335
27.450000	2.006653	2.732814
27.460000	2.016295	2.723106
27.470000	2.026023	2.713214
27.480000	2.035833	2.703144
27.490000	2.045718	2.692901
27.500000	2.055672	2.682490
27.510000	2.065688	2.671917
27.520000	2.075759	2.661189
27.530000	2.085878	2.650312
27.540000	2.096038	2.639294
27.550000	2.106229	2.628142
27.560000	2.116445	2.616864
27.570000	2.126677	2.605468
27.580000	2.136915	2.593963
27.590000	2.147151	2.582358
27.600000	2.157375	2.570662
27.610000	2.167578	2.558885
27.620000	2.177750	2.547037
27.630000	2.187881	2.535129
27.640000	2.197960	2.523171
27.650000	2.207978	2.511174
27.660000	2.217923	2.499149
27.670000	2.227785	2.487107
27.680000	2.237554	2.475061
27.690000	2.247218	2.463021
27.700000	2.256768	2.451000
27.710000	2.266191	2.439009
27.720000	2.275478	2.427060
27.730000	2.284617	2.415165
27.740000	2.293599	2.403337
27.750000	2.302413	2.391587
27.760000	2.311049	2.379927
27.770000	2.319497	2.368369
27.780000	2.327747	2.356924
27.790000	2.335790	2.345604
27.800000	2.343616	2.334419
27.810000	2.351218	2.323381
27.820000	2.358587	2.312500
27.830000	2.365715	2.301787
27.840000	2.372594	2.291251
27.850000	2.379217	2.280901
27.860000	2.385579	2.270748
27.870000	2.391672	2.260799
27.880000	2.397491	2.251062
27.890000	2.403032	2.241547
27.900000	2.408290	2.232259
27.910000	2.413260	2.223205
27.920000	2.417940	2.214393
27.930000	2.422327	2.205827
27.940000	2.426418	2.197513
27.950000	2.430211	2.189455
27.960000	2.433706	2.181658
27.970000	2.436902	2.174125
27.980000	2.439798	2.166860
27.990000	2.442395	2.159865
28.000000	2.444693	2.153143
28.010000	2.446695	2.146694
28.020000	2.448401	2.140521
28.030000	2.449814	2.134624
28.040000	2.450937	2.129003
28.050000	2.451772	2.123659
28.060000	2.452322	2.118591
28.070000	2.452593	2.113797
28.080000	2.452586	2.109277
28.090000	2.452308	2.105030
28.100000	2.451762	2.101053
28.110000	2.450954	2.097344
28.120000	2.449887	2.093900
28.130000	2.448569	2.090720
28.140000	2.447004	2.087799
28.150000	2.445197	2.085136
28.160000	2.443156	2.082725
28.170000	2.440884	2.080565
28.180000	2.438390	2.078651
28.190000	2.435678	2.076979
28.200000	2.432754	2.075546
28.210000	2.429626	2.074347
28.220000	2.426299	2.073378
28.230000	2.422779	2.072634
28.240000	2.419073	2.072113
28.250000	2.415187	2.071808
28.260000	2.411127	2.071716
28.270000	2.406899	2.071833
28.280000	2.402510	2.072153
28.290000	2.397965	2.072673
28.300000	2.393271	2.073387
28.310000	2.388433	2.074293
28.320000	2.383457	2.075384
28.330000	2.378349	2.076657
28.340000	2.373115	2.078107
28.350000	2.367761	2.079731
28.360000	2.362291	2.081523
28.370000	2.356711	2.083480
28.380000	2.351027	2.085597
28.390000	2.345243	2.087871
28.400000	2.339365	2.090297
28.410000	2.333397	2.092871
28.420000	2.327344	2.095589
28.430000	2.321212	2.098448
28.440000	2.315004	2.101444
28.450000	2.308726	2.104572
28.460000	2.302380	2.107831
28.470000	2.295973	2.111214
28.480000	2.289507	2.114721
28.490000	2.282987	2.118346
28.500000	2.276416	2.122086
28.510000	2.269799	2.125939
28.520000	2.263139	2.129901
28.530000	2.256440	2.133969
28.540000	2.249705	2.138139
28.550000	2.242938	2.142409
28.560000	2.236141	2.146777
28.570000	2.229319	2.151238
28.580000	2.222473	2.155790
28.590000	2.215608	2.160431
28.600000	2.208725	2.165158
28.610000	2.201828	2.169967
28.620000	2.194919	2.174858
28.630000	2.188002	2.179826
28.640000	2.181077	2.184870
28.650000	2.174149	2.189988
28.660000	2.167219	2.195176
28.670000	2.160290	2.200433
28.680000	2.153364	2.205757
28.690000	2.146442	2.211145
28.700000	2.139528	2.216595
28.710000	2.132623	2.222105
28.720000	2.125728	2.227673
28.730000	2.118847	2.233297
28.740000	2.111980	2.238975
28.750000	2.105130	2.244705
28.760000	2.098298	2.250486
28.770000	2.091486	2.256315
28.780000	2.084695	2.262191
28.790000	2.077927	2.268112
28.800000	2.071183	2.274077
28.810000	2.064466	2.280082
28.820000	2.057775	2.286128
28.830000	2.051113	2.292212
28.840000	2.044482	2.298333
28.850000	2.037881	2.304489
28.860000	2.031312	2.310679
28.870000	2.024778	2.316900
28.880000	2.018277	2.323153
28.890000	2.011813	2.329434
28.900000	2.005386	2.335743
28.910000	1.998996	2.342079
28.920000	1.992646	2.348440
28.930000	1.986335	2.354824
28.940000	1.980065	2.361231
28.950000	1.973837	2.367658
28.960000	1.967651	2.374105
28.970000	1.961509	2.380571
28.980000	1.955412	2.387053
28.990000	1.949359	2.393552
29.000000	1.943353	2.400065
29.010000	1.937393	2.406591
29.020000	1.931480	2.413129
29.030000	1.925616	2.419679
29.040000	1.919801	2.426238
29.050000	1.914035	2.432806
29.060000	1.908319	2.439381
29.070000	1.902655	2.445962
29.080000	1.897042	2.452549
29.090000	1.891481	2.459140
29.100000	1.885972	2.465733
29.110000	1.880518	2.472328
29.120000	1.875117	2.478924
29.130000	1.869770	2.485519
29.140000	1.864479	2.492113
29.150000	1.859243	2.498704
29.160000	1.854063	2.505291
29.170000	1.848940	2.511874
29.180000	1.843874	2.518451
29.190000	1.838866	2.525020
29.200000	1.833915	2.531582
29.210000	1.829024	2.538134
29.220000	1.824191	2.544677
29.230000	1.819418	2.551208
29.240000	1.814705	2.557726
29.250000	1.810053	2.564232
29.260000	1.805461	2.570723
29.270000	1.800931	2.577198
29.280000	1.796463	2.583657
29.290000	1.792057	2.590098
29.300000	1.787714	2.596521
29.310000	1.783434	2.602924
29.320000	1.779217	2.609306
29.330000	1.775065	2.615666
29.340000	1.770977	2.622004
29.350000	1.766954	2.628317
29.360000	1.762996	2.634605
29.370000	1.759104	2.640868
29.380000	1.755278	2.647103
29.390000	1.751518	2.653309
29.400000	1.747826	2.659487
29.410000	1.744201	2.665633
29.420000	1.740644	2.671748
29.430000	1.737155	2.677831
29.440000	1.733734	2.683880
29.450000	1.730383	2.689893
29.460000	1.727102	2.695871
29.470000	1.723890	2.701811
29.480000	1.720749	2.707714
29.490000	1.717679	2.713576
29.500000	1.714680	2.719398
29.510000	1.711753	2.725178
29.520000	1.708899	2.730916
29.530000	1.706117	2.736609
29.540000	1.703408	2.742256
29.550000	1.700773	2.747858
29.560000	1.698211	2.753411
29.570000	1.695725	2.758915
29.580000	1.693314	2.764369
29.590000	1.690978	2.769772
29.600000	1.688718	2.775122
29.610000	1.686535	2.780418
29.620000	1.684429	2.785658
29.630000	1.682401	2.790842
29.640000	1.680451	2.795968
29.650000	1.678580	2.801035
29.660000	1.676788	2.806041
29.670000	1.675076	2.810985
29.680000	1.673444	2.815866
29.690000	1.671893	2.820683
29.700000	1.670424	2.825433
29.710000	1.669037	2.830115
29.720000	1.667733	2.834729
29.730000	1.666512	2.839273
29.740000	1.665376	2.843744
29.750000	1.664324	2.848142
29.760000	1.663357	2.852466
29.770000	1.662477	2.856713
29.780000	1.661683	2.860882
29.790000	1.660976	2.864972
29.800000	1.660357	2.868980
29.810000	1.659828	2.872907
29.820000	1.659387	2.876749
29.830000	1.659037	2.880505
29.840000	1.658778	2.884174
29.850000	1.658611	2.887753
29.860000	1.658536	2.891242
29.870000	1.658555	2.894638
29.880000	1.658667	2.897940
29.890000	1.658874	2.901146
29.900000	1.659178	2.904254
29.910000	1.659577	2.907263
29.920000	1.660074	2.910170
29.930000	1.660670	2.912974
29.940000	1.661364	2.915672
29.950000	1.662159	2.918264
29.960000	1.663054	2.920747
29.970000	1.664052	2.923119
29.980000	1.665152	2.925379
29.990000	1.666355	2.927524
30.000000	1.667664	2.929552
