0.010000	0.020000	0.000000
0.020000	0.037800	0.002000
0.030000	0.053642	0.005780
0.040000	0.067742	0.011144
0.050000	0.080291	0.017918
0.060000	0.091460	0.025946
0.070000	0.101401	0.035089
0.080000	0.110251	0.045226
0.090000	0.118129	0.056245
0.100000	0.125142	0.068050
0.110000	0.131387	0.080554
0.120000	0.136949	0.093679
0.130000	0.141902	0.107356
0.140000	0.146314	0.121525
0.150000	0.150246	0.136130
0.160000	0.153749	0.151124
0.170000	0.156873	0.166463
0.180000	0.159658	0.182110
0.190000	0.162142	0.198029
0.200000	0.164358	0.214191
0.210000	0.166337	0.230569
0.220000	0.168103	0.247139
0.230000	0.169682	0.263879
0.240000	0.171093	0.280772
0.250000	0.172355	0.297799
0.260000	0.173484	0.314946
0.270000	0.174496	0.332199
0.280000	0.175402	0.349548
0.290000	0.176216	0.366980
0.300000	0.176946	0.384488
0.310000	0.177602	0.402062
0.320000	0.178193	0.419696
0.330000	0.178725	0.437382
0.340000	0.179205	0.455114
0.350000	0.179638	0.472889
0.360000	0.180031	0.490700
0.370000	0.180386	0.508544
0.380000	0.180709	0.526417
0.390000	0.181003	0.544316
0.400000	0.181271	0.562238
0.410000	0.181516	0.580181
0.420000	0.181741	0.598141
0.430000	0.181947	0.616118
0.440000	0.182136	0.634108
0.450000	0.182312	0.652112
0.460000	0.182474	0.670126
0.470000	0.182625	0.688150
0.480000	0.182766	0.706183
0.490000	0.182898	0.724224
0.500000	0.183021	0.742272
0.510000	0.183137	0.760325
0.520000	0.183247	0.778384
0.530000	0.183352	0.796447
0.540000	0.183451	0.814515
0.550000	0.183545	0.832585
0.560000	0.183636	0.850660
0.570000	0.183723	0.868736
0.580000	0.183806	0.886815
0.590000	0.183887	0.904896
0.600000	0.183966	0.922979
0.610000	0.184042	0.941063
0.620000	0.184116	0.959149
0.630000	0.184188	0.977235
0.640000	0.184259	0.995322
0.650000	0.184329	1.013410
0.660000	0.184397	1.031499
0.670000	0.184464	1.049588
0.680000	0.184530	1.067677
0.690000	0.184595	1.085767
0.700000	0.184660	1.103856
0.710000	0.184724	1.121946
0.720000	0.184787	1.140035
0.730000	0.184850	1.158125
0.740000	0.184912	1.176214
0.750000	0.184974	1.194303
0.760000	0.185035	1.212392
0.770000	0.185096	1.230480
0.780000	0.185157	1.248568
0.790000	0.185218	1.266656
0.800000	0.185279	1.284743
0.810000	0.185339	1.302830
0.820000	0.185399	1.320916
0.830000	0.185459	1.339002
0.840000	0.185519	1.357088
0.850000	0.185579	1.375172
0.860000	0.185639	1.393257
0.870000	0.185699	1.411340
0.880000	0.185759	1.429424
0.890000	0.185819	1.447506
0.900000	0.185878	1.465588
0.910000	0.185938	1.483670
0.920000	0.185998	1.501751
0.930000	0.186058	1.519831
0.940000	0.186117	1.537911
0.950000	0.186177	1.555990
0.960000	0.186237	1.574068
0.970000	0.186297	1.592146
0.980000	0.186357	1.610223
0.990000	0.186417	1.628299
1.000000	0.186477	1.646375
1.010000	0.186537	1.664450
1.020000	0.186597	1.682525
1.030000	0.186657	1.700599
1.040000	0.186717	1.718672
1.050000	0.186778	1.736745
1.060000	0.186838	1.754816
1.070000	0.186898	1.772888
1.080000	0.186959	1.790958
1.090000	0.187019	1.809028
1.100000	0.187080	1.827097
1.110000	0.187141	1.845166
1.120000	0.187201	1.863234
1.130000	0.187262	1.881301
1.140000	0.187323	1.899367
1.150000	0.187384	1.917433
1.160000	0.187445	1.935498
1.170000	0.187506	1.953563
1.180000	0.187567	1.971627
1.190000	0.187629	1.989690
1.200000	0.187690	2.007752
1.210000	0.187751	2.025814
1.220000	0.187813	2.043875
1.230000	0.187874	2.061935
1.240000	0.187936	2.079995
1.250000	0.187998	2.098054
1.260000	0.188059	2.116112
1.270000	0.188121	2.134169
1.280000	0.188183	2.152226
1.290000	0.188245	2.170282
1.300000	0.188307	2.188338
1.310000	0.188369	2.206393
1.320000	0.188432	2.224447
1.330000	0.188494	2.242500
1.340000	0.188556	2.260553
1.350000	0.188619	2.278605
1.360000	0.188682	2.296656
1.370000	0.188744	2.314706
1.380000	0.188807	2.332756
1.390000	0.188870	2.350805
1.400000	0.188933	2.368854
1.410000	0.188996	2.386901
1.420000	0.189059	2.404948
1.430000	0.189122	2.422995
1.440000	0.189185	2.441040
1.450000	0.189248	2.459085
1.460000	0.189312	2.477129
1.470000	0.189375	2.495173
1.480000	0.189439	2.513215
1.490000	0.189502	2.531257
1.500000	0.189566	2.549298
1.510000	0.189630	2.567339
1.520000	0.189694	2.585379
1.530000	0.189758	2.603418
1.540000	0.189822	2.621456
1.550000	0.189886	2.639494
1.560000	0.189950	2.657531
1.570000	0.190015	2.675567
1.580000	0.190079	2.693602
1.590000	0.190144	2.711637
1.600000	0.190208	2.729671
1.610000	0.190273	2.747704
1.620000	0.190338	2.765737
1.630000	0.190402	2.783769
1.640000	0.190467	2.801800
1.650000	0.190532	2.819830
1.660000	0.190598	2.837859
1.670000	0.190663	2.855888
1.680000	0.190728	2.873916
1.690000	0.190793	2.891944
1.700000	0.190859	2.909970
1.710000	0.190924	2.927996
1.720000	0.190990	2.946021
1.730000	0.191056	2.964046
1.740000	0.191122	2.982069
1.750000	0.191187	3.000092
1.760000	0.191253	3.018114
1.770000	0.191320	3.036136
1.780000	0.191386	3.054156
1.790000	0.191452	3.072176
1.800000	0.191518	3.090195
1.810000	0.191585	3.108214
1.820000	0.191651	3.126231
1.830000	0.191718	3.144248
1.840000	0.191785	3.162264
1.850000	0.191851	3.180280
1.860000	0.191918	3.198294
1.870000	0.191985	3.216308
1.880000	0.192052	3.234321
1.890000	0.192120	3.252333
1.900000	0.192187	3.270345
1.910000	0.192254	3.288356
1.920000	0.192322	3.306366
1.930000	0.192389	3.324375
1.940000	0.192457	3.342383
1.950000	0.192525	3.360391
1.960000	0.192593	3.378398
1.970000	0.192660	3.396404
1.980000	0.192728	3.414410
1.990000	0.192797	3.432414
2.000000	0.192865	3.450418
2.010000	0.192933	3.468421
2.020000	0.193002	3.486423
2.030000	0.193070	3.504425
2.040000	0.193139	3.522425
2.050000	0.193207	3.540425
2.060000	0.193276	3.558424
2.070000	0.193345	3.576423
2.080000	0.193414	3.594420
2.090000	0.193483	3.612417
2.100000	0.193552	3.630413
2.110000	0.193622	3.648408
2.120000	0.193691	3.666403
2.130000	0.193760	3.684396
2.140000	0.193830	3.702389
2.150000	0.193900	3.720381
2.160000	0.193970	3.738372
2.170000	0.194039	3.756363
2.180000	0.194109	3.774352
2.190000	0.194179	3.792341
2.200000	0.194250	3.810329
2.210000	0.194320	3.828316
2.220000	0.194390	3.846303
2.230000	0.194461	3.864288
2.240000	0.194531	3.882273
2.250000	0.194602	3.900257
2.260000	0.194673	3.918240
2.270000	0.194744	3.936223
2.280000	0.194815	3.954204
2.290000	0.194886	3.972185
2.300000	0.194957	3.990165
2.310000	0.195028	4.008144
2.320000	0.195100	4.026122
2.330000	0.195171	4.044100
2.340000	0.195243	4.062077
2.350000	0.195315	4.080052
2.360000	0.195387	4.098027
2.370000	0.195458	4.116002
2.380000	0.195531	4.133975
2.390000	0.195603	4.151948
2.400000	0.195675	4.169919
2.410000	0.195747	4.187890
2.420000	0.195820	4.205860
2.430000	0.195892	4.223829
2.440000	0.195965	4.241798
2.450000	0.196038	4.259765
2.460000	0.196111	4.277732
2.470000	0.196184	4.295698
2.480000	0.196257	4.313663
2.490000	0.196330	4.331627
2.500000	0.196403	4.349591
2.510000	0.196477	4.367553
2.520000	0.196550	4.385515
2.530000	0.196624	4.403476
2.540000	0.196698	4.421436
2.550000	0.196772	4.439395
2.560000	0.196846	4.457353
2.570000	0.196920	4.475310
2.580000	0.196994	4.493267
2.590000	0.197068	4.511223
2.600000	0.197143	4.529178
2.610000	0.197217	4.547132
2.620000	0.197292	4.565085
2.630000	0.197367	4.583037
2.640000	0.197442	4.600989
2.650000	0.197517	4.618939
2.660000	0.197592	4.636889
2.670000	0.197667	4.654838
2.680000	0.197743	4.672786
2.690000	0.197818	4.690733
2.700000	0.197894	4.708679
2.710000	0.197969	4.726624
2.720000	0.198045	4.744569
2.730000	0.198121	4.762512
2.740000	0.198197	4.780455
2.750000	0.198273	4.798397
2.760000	0.198350	4.816338
2.770000	0.198426	4.834278
2.780000	0.198503	4.852217
2.790000	0.198579	4.870156
2.800000	0.198656	4.888093
2.810000	0.198733	4.906030
2.820000	0.198810	4.923965
2.830000	0.198887	4.941900
2.840000	0.198964	4.959834
2.850000	0.199042	4.977767
2.860000	0.199119	4.995699
2.870000	0.199197	5.013630
2.880000	0.199274	5.031560
2.890000	0.199352	5.049490
2.900000	0.199430	5.067418
2.910000	0.199508	5.085346
2.920000	0.199587	5.103273
2.930000	0.199665	5.121198
2.940000	0.199743	5.139123
2.950000	0.199822	5.157047
2.960000	0.199901	5.174970
2.970000	0.199980	5.192892
2.980000	0.200059	5.210814
2.990000	0.200138	5.228734
3.000000	0.200217	5.246653
3.010000	0.200296	5.264572
3.020000	0.200376	5.282489
3.030000	0.200455	5.300406
3.040000	0.200535	5.318322
3.050000	0.200615	5.336237
3.060000	0.200695	5.354150
3.070000	0.200775	5.372063
3.080000	0.200855	5.389975
3.090000	0.200936	5.407886
3.100000	0.201016	5.425796
3.110000	0.201097	5.443706
3.120000	0.201178	5.461614
3.130000	0.201259	5.479521
3.140000	0.201340	5.497428
3.150000	0.201421	5.515333
3.160000	0.201502	5.533238
3.170000	0.201584	5.551141
3.180000	0.201665	5.569044
3.190000	0.201747	5.586945
3.200000	0.201829	5.604846
3.210000	0.201911	5.622746
3.220000	0.201993	5.640645
3.230000	0.202075	5.658542
3.240000	0.202157	5.676439
3.250000	0.202240	5.694335
3.260000	0.202323	5.712230
3.270000	0.202405	5.730124
3.280000	0.202488	5.748017
3.290000	0.202571	5.765909
3.300000	0.202655	5.783800
3.310000	0.202738	5.801690
3.320000	0.202821	5.819580
3.330000	0.202905	5.837468
3.340000	0.202989	5.855355
3.350000	0.203073	5.873241
3.360000	0.203157	5.891126
3.370000	0.203241	5.909011
3.380000	0.203325	5.926894
3.390000	0.203410	5.944776
3.400000	0.203494	5.962657
3.410000	0.203579	5.980538
3.420000	0.203664	5.998417
3.430000	0.203749	6.016295
3.440000	0.203834	6.034173
3.450000	0.203920	6.052049
3.460000	0.204005	6.069924
3.470000	0.204091	6.087799
3.480000	0.204176	6.105672
3.490000	0.204262	6.123544
3.500000	0.204348	6.141415
3.510000	0.204435	6.159286
3.520000	0.204521	6.177155
3.530000	0.204608	6.195023
3.540000	0.204694	6.212891
3.550000	0.204781	6.230757
3.560000	0.204868	6.248622
3.570000	0.204955	6.266486
3.580000	0.205042	6.284349
3.590000	0.205130	6.302212
3.600000	0.205217	6.320073
3.610000	0.205305	6.337933
3.620000	0.205393	6.355792
3.630000	0.205481	6.373650
3.640000	0.205569	6.391507
3.650000	0.205658	6.409363
3.660000	0.205746	6.427218
3.670000	0.205835	6.445072
3.680000	0.205924	6.462924
3.690000	0.206013	6.480776
3.700000	0.206102	6.498627
3.710000	0.206191	6.516477
3.720000	0.206280	6.534325
3.730000	0.206370	6.552173
3.740000	0.206460	6.570019
3.750000	0.206550	6.587865
3.760000	0.206640	6.605709
3.770000	0.206730	6.623553
3.780000	0.206821	6.641395
3.790000	0.206911	6.659236
3.800000	0.207002	6.677076
3.810000	0.207093	6.694915
3.820000	0.207184	6.712753
3.830000	0.207275	6.730590
3.840000	0.207366	6.748426
3.850000	0.207458	6.766261
3.860000	0.207550	6.784095
3.870000	0.207642	6.801927
3.880000	0.207734	6.819759
3.890000	0.207826	6.837589
3.900000	0.207918	6.855418
3.910000	0.208011	6.873247
3.920000	0.208104	6.891074
3.930000	0.208197	6.908900
3.940000	0.208290	6.926725
3.950000	0.208383	6.944549
3.960000	0.208476	6.962371
3.970000	0.208570	6.980193
3.980000	0.208664	6.998014
3.990000	0.208758	7.015833
4.000000	0.208852	7.033651
4.010000	0.208946	7.051468
4.020000	0.209041	7.069284
4.030000	0.209135	7.087099
4.040000	0.209230	7.104913
4.050000	0.209325	7.122726
4.060000	0.209420	7.140537
4.070000	0.209516	7.158348
4.080000	0.209611	7.176157
4.090000	0.209707	7.193965
4.100000	0.209803	7.211772
4.110000	0.209899	7.229578
4.120000	0.209995	7.247383
4.130000	0.210092	7.265186
4.140000	0.210188	7.282989
4.150000	0.210285	7.300790
4.160000	0.210382	7.318590
4.170000	0.210480	7.336389
4.180000	0.210577	7.354187
4.190000	0.210675	7.371984
4.200000	0.210772	7.389779
4.210000	0.210870	7.407574
4.220000	0.210968	7.425367
4.230000	0.211067	7.443159
4.240000	0.211165	7.460950
4.250000	0.211264	7.478739
4.260000	0.211363	7.496528
4.270000	0.211462	7.514315
4.280000	0.211561	7.532101
4.290000	0.211661	7.549886
4.300000	0.211760	7.567670
4.310000	0.211860	7.585452
4.320000	0.211960	7.603233
4.330000	0.212061	7.621013
4.340000	0.212161	7.638792
4.350000	0.212262	7.656570
4.360000	0.212363	7.674347
4.370000	0.212464	7.692122
4.380000	0.212565	7.709896
4.390000	0.212667	7.727669
4.400000	0.212768	7.745441
4.410000	0.212870	7.763211
4.420000	0.212972	7.780980
4.430000	0.213074	7.798748
4.440000	0.213177	7.816515
4.450000	0.213280	7.834280
4.460000	0.213383	7.852045
4.470000	0.213486	7.869808
4.480000	0.213589	7.887570
4.490000	0.213693	7.905330
4.500000	0.213796	7.923090
4.510000	0.213900	7.940848
4.520000	0.214004	7.958604
4.530000	0.214109	7.976360
4.540000	0.214213	7.994114
4.550000	0.214318	8.011867
4.560000	0.214423	8.029619
4.570000	0.214529	8.047370
4.580000	0.214634	8.065119
4.590000	0.214740	8.082867
4.600000	0.214846	8.100614
4.610000	0.214952	8.118359
4.620000	0.215058	8.136103
4.630000	0.215165	8.153846
4.640000	0.215271	8.171588
4.650000	0.215378	8.189328
4.660000	0.215486	8.207067
4.670000	0.215593	8.224805
4.680000	0.215701	8.242541
4.690000	0.215809	8.260276
4.700000	0.215917	8.278010
4.710000	0.216025	8.295742
4.720000	0.216134	8.313473
4.730000	0.216243	8.331203
4.740000	0.216352	8.348932
4.750000	0.216461	8.366659
4.760000	0.216570	8.384385
4.770000	0.216680	8.402109
4.780000	0.216790	8.419833
4.790000	0.216900	8.437554
4.800000	0.217011	8.455275
4.810000	0.217122	8.472994
4.820000	0.217233	8.490712
4.830000	0.217344	8.508428
4.840000	0.217455	8.526144
4.850000	0.217567	8.543857
4.860000	0.217679	8.561570
4.870000	0.217791	8.579281
4.880000	0.217903	8.596991
4.890000	0.218016	8.614699
4.900000	0.218129	8.632406
4.910000	0.218242	8.650111
4.920000	0.218355	8.667816
4.930000	0.218469	8.685518
4.940000	0.218583	8.703220
4.950000	0.218697	8.720920
4.960000	0.218811	8.738618
4.970000	0.218926	8.756316
4.980000	0.219041	8.774012
4.990000	0.219156	8.791706
5.000000	0.219272	8.809399
5.010000	0.219387	8.827091
5.020000	0.219503	8.844781
5.030000	0.219619	8.862469
5.040000	0.219736	8.880157
5.050000	0.219853	8.897843
5.060000	0.219970	8.915527
5.070000	0.220087	8.933210
5.080000	0.220204	8.950892
5.090000	0.220322	8.968572
5.100000	0.220440	8.986251
5.110000	0.220559	9.003928
5.120000	0.220677	9.021604
5.130000	0.220796	9.039278
5.140000	0.220915	9.056951
5.150000	0.221035	9.074622
5.160000	0.221154	9.092292
5.170000	0.221274	9.109961
5.180000	0.221395	9.127628
5.190000	0.221515	9.145293
5.200000	0.221636	9.162957
5.210000	0.221757	9.180620
5.220000	0.221879	9.198281
5.230000	0.222000	9.215940
5.240000	0.222122	9.233598
5.250000	0.222244	9.251255
5.260000	0.222367	9.268910
5.270000	0.222490	9.286564
5.280000	0.222613	9.304215
5.290000	0.222736	9.321866
5.300000	0.222860	9.339515
5.310000	0.222984	9.357162
5.320000	0.223108	9.374808
5.330000	0.223233	9.392452
5.340000	0.223358	9.410095
5.350000	0.223483	9.427736
5.360000	0.223609	9.445376
5.370000	0.223734	9.463014
5.380000	0.223861	9.480651
5.390000	0.223987	9.498286
5.400000	0.224114	9.515919
5.410000	0.224241	9.533551
5.420000	0.224368	9.551181
5.430000	0.224496	9.568810
5.440000	0.224624	9.586437
5.450000	0.224752	9.604062
5.460000	0.224881	9.621686
5.470000	0.225010	9.639308
5.480000	0.225139	9.656929
5.490000	0.225268	9.674548
5.500000	0.225398	9.692165
5.510000	0.225529	9.709781
5.520000	0.225659	9.727395
5.530000	0.225790	9.745008
5.540000	0.225921	9.762619
5.550000	0.226053	9.780228
5.560000	0.226185	9.797836
5.570000	0.226317	9.815442
5.580000	0.226449	9.833046
5.590000	0.226582	9.850649
5.600000	0.226716	9.868249
5.610000	0.226849	9.885849
5.620000	0.226983	9.903446
5.630000	0.227117	9.921042
5.640000	0.227252	9.938637
5.650000	0.227387	9.956229
5.660000	0.227522	9.973820
5.670000	0.227658	9.991409
5.680000	0.227794	10.008996
5.690000	0.227930	10.026582
5.700000	0.228067	10.044166
5.710000	0.228204	10.061748
5.720000	0.228341	10.079329
5.730000	0.228479	10.096908
5.740000	0.228617	10.114485
5.750000	0.228756	10.132060
5.760000	0.228895	10.149634
5.770000	0.229034	10.167205
5.780000	0.229174	10.184775
5.790000	0.229314	10.202344
5.800000	0.229454	10.219910
5.810000	0.229595	10.237475
5.820000	0.229736	10.255038
5.830000	0.229877	10.272599
5.840000	0.230019	10.290158
5.850000	0.230162	10.307716
5.860000	0.230304	10.325272
5.870000	0.230447	10.342825
5.880000	0.230591	10.360377
5.890000	0.230735	10.377928
5.900000	0.230879	10.395476
5.910000	0.231023	10.413023
5.920000	0.231169	10.430567
5.930000	0.231314	10.448110
5.940000	0.231460	10.465651
5.950000	0.231606	10.483190
5.960000	0.231753	10.500728
5.970000	0.231900	10.518263
5.980000	0.232047	10.535797
5.990000	0.232195	10.553328
6.000000	0.232343	10.570858
6.010000	0.232492	10.588386
6.020000	0.232641	10.605912
6.030000	0.232791	10.623436
6.040000	0.232941	10.640958
6.050000	0.233091	10.658478
6.060000	0.233242	10.675996
6.070000	0.233394	10.693513
6.080000	0.233545	10.711027
6.090000	0.233697	10.728539
6.100000	0.233850	10.746050
6.110000	0.234003	10.763558
6.120000	0.234157	10.781065
6.130000	0.234311	10.798569
6.140000	0.234465	10.816071
6.150000	0.234620	10.833572
6.160000	0.234775	10.851070
6.170000	0.234931	10.868567
6.180000	0.235087	10.886061
6.190000	0.235244	10.903554
6.200000	0.235401	10.921044
6.210000	0.235559	10.938533
6.220000	0.235717	10.956019
6.230000	0.235875	10.973503
6.240000	0.236034	10.990985
6.250000	0.236194	11.008465
6.260000	0.236354	11.025943
6.270000	0.236515	11.043419
6.280000	0.236675	11.060893
6.290000	0.236837	11.078365
6.300000	0.236999	11.095835
6.310000	0.237161	11.113302
6.320000	0.237324	11.130768
6.330000	0.237488	11.148231
6.340000	0.237652	11.165692
6.350000	0.237816	11.183151
6.360000	0.237981	11.200608
6.370000	0.238147	11.218063
6.380000	0.238313	11.235515
6.390000	0.238480	11.252965
6.400000	0.238647	11.270413
6.410000	0.238814	11.287859
6.420000	0.238982	11.305303
6.430000	0.239151	11.322745
6.440000	0.239320	11.340184
6.450000	0.239490	11.357621
6.460000	0.239660	11.375056
6.470000	0.239831	11.392488
6.480000	0.240003	11.409918
6.490000	0.240175	11.427346
6.500000	0.240347	11.444772
6.510000	0.240520	11.462196
6.520000	0.240694	11.479617
6.530000	0.240868	11.497036
6.540000	0.241043	11.514452
6.550000	0.241218	11.531866
6.560000	0.241394	11.549278
6.570000	0.241571	11.566688
6.580000	0.241748	11.584095
6.590000	0.241926	11.601500
6.600000	0.242104	11.618902
6.610000	0.242283	11.636302
6.620000	0.242462	11.653700
6.630000	0.242642	11.671095
6.640000	0.242823	11.688488
6.650000	0.243005	11.705878
6.660000	0.243186	11.723266
6.670000	0.243369	11.740652
6.680000	0.243552	11.758035
6.690000	0.243736	11.775416
6.700000	0.243921	11.792794
6.710000	0.244106	11.810169
6.720000	0.244292	11.827543
6.730000	0.244478	11.844913
6.740000	0.244665	11.862281
6.750000	0.244853	11.879647
6.760000	0.245041	11.897010
6.770000	0.245230	11.914371
6.780000	0.245420	11.931729
6.790000	0.245610	11.949084
6.800000	0.245801	11.966437
6.810000	0.245993	11.983787
6.820000	0.246186	12.001135
6.830000	0.246379	12.018480
6.840000	0.246573	12.035822
6.850000	0.246767	12.053162
6.860000	0.246962	12.070499
6.870000	0.247158	12.087833
6.880000	0.247355	12.105165
6.890000	0.247553	12.122494
6.900000	0.247751	12.139820
6.910000	0.247950	12.157144
6.920000	0.248149	12.174465
6.930000	0.248350	12.191783
6.940000	0.248551	12.209098
6.950000	0.248753	12.226411
6.960000	0.248955	12.243721
6.970000	0.249159	12.261028
6.980000	0.249363	12.278332
6.990000	0.249568	12.295633
7.000000	0.249774	12.312932
7.010000	0.249980	12.330228
7.020000	0.250188	12.347520
7.030000	0.250396	12.364810
7.040000	0.250605	12.382097
7.050000	0.250814	12.399382
7.060000	0.251025	12.416663
7.070000	0.251236	12.433941
7.080000	0.251449	12.451217
7.090000	0.251662	12.468489
7.100000	0.251876	12.485758
7.110000	0.252091	12.503025
7.120000	0.252306	12.520288
7.130000	0.252523	12.537549
7.140000	0.252740	12.554806
7.150000	0.252958	12.572060
7.160000	0.253178	12.589312
7.170000	0.253398	12.606560
7.180000	0.253619	12.623805
7.190000	0.253841	12.641047
7.200000	0.254063	12.658286
7.210000	0.254287	12.675521
7.220000	0.254512	12.692754
7.230000	0.254737	12.709983
7.240000	0.254964	12.727209
7.250000	0.255191	12.744432
7.260000	0.255420	12.761652
7.270000	0.255649	12.778868
7.280000	0.255880	12.796081
7.290000	0.256111	12.813291
7.300000	0.256343	12.830497
7.310000	0.256577	12.847700
7.320000	0.256811	12.864900
7.330000	0.257047	12.882097
7.340000	0.257283	12.899290
7.350000	0.257521	12.916480
7.360000	0.257759	12.933666
7.370000	0.257999	12.950849
7.380000	0.258239	12.968028
7.390000	0.258481	12.985204
7.400000	0.258724	13.002376
7.410000	0.258968	13.019545
7.420000	0.259213	13.036710
7.430000	0.259459	13.053872
7.440000	0.259706	13.071030
7.450000	0.259955	13.088185
7.460000	0.260204	13.105336
7.470000	0.260455	13.122483
7.480000	0.260707	13.139627
7.490000	0.260960	13.156767
7.500000	0.261214	13.173903
7.510000	0.261469	13.191035
7.520000	0.261726	13.208164
7.530000	0.261984	13.225289
7.540000	0.262243	13.242410
7.550000	0.262503	13.259527
7.560000	0.262764	13.276641
7.570000	0.263027	13.293750
7.580000	0.263291	13.310856
7.590000	0.263557	13.327958
7.600000	0.263823	13.345056
7.610000	0.264091	13.362149
7.620000	0.264361	13.379239
7.630000	0.264631	13.396325
7.640000	0.264903	13.413407
7.650000	0.265176	13.430484
7.660000	0.265451	13.447558
7.670000	0.265727	13.464627
7.680000	0.266005	13.481692
7.690000	0.266284	13.498754
7.700000	0.266564	13.515810
7.710000	0.266846	13.532863
7.720000	0.267129	13.549911
7.730000	0.267414	13.566955
7.740000	0.267700	13.583995
7.750000	0.267988	13.601030
7.760000	0.268277	13.618061
7.770000	0.268568	13.635087
7.780000	0.268860	13.652109
7.790000	0.269154	13.669127
7.800000	0.269450	13.686140
7.810000	0.269747	13.703148
7.820000	0.270045	13.720152
7.830000	0.270346	13.737151
7.840000	0.270648	13.754146
7.850000	0.270952	13.771136
7.860000	0.271257	13.788121
7.870000	0.271564	13.805101
7.880000	0.271873	13.822077
7.890000	0.272183	13.839047
7.900000	0.272496	13.856013
7.910000	0.272810	13.872974
7.920000	0.273126	13.889930
7.930000	0.273443	13.906881
7.940000	0.273763	13.923827
7.950000	0.274084	13.940768
7.960000	0.274408	13.957704
7.970000	0.274733	13.974634
7.980000	0.275060	13.991560
7.990000	0.275389	14.008480
8.000000	0.275720	14.025395
8.010000	0.276054	14.042305
8.020000	0.276389	14.059209
8.030000	0.276726	14.076108
8.040000	0.277065	14.093002
8.050000	0.277406	14.109890
8.060000	0.277750	14.126772
8.070000	0.278095	14.143649
8.080000	0.278443	14.160520
8.090000	0.278793	14.177386
8.100000	0.279145	14.194246
8.110000	0.279500	14.211100
8.120000	0.279857	14.227948
8.130000	0.280216	14.244790
8.140000	0.280577	14.261627
8.150000	0.280941	14.278457
8.160000	0.281307	14.295282
8.170000	0.281676	14.312100
8.180000	0.282047	14.328912
8.190000	0.282420	14.345718
8.200000	0.282796	14.362518
8.210000	0.283175	14.379311
8.220000	0.283556	14.396098
8.230000	0.283940	14.412879
8.240000	0.284327	14.429653
8.250000	0.284716	14.446420
8.260000	0.285108	14.463181
8.270000	0.285503	14.479936
8.280000	0.285900	14.496683
8.290000	0.286301	14.513424
8.300000	0.286704	14.530157
8.310000	0.287110	14.546884
8.320000	0.287519	14.563604
8.330000	0.287932	14.580316
8.340000	0.288347	14.597022
8.350000	0.288765	14.613720
8.360000	0.289187	14.630411
8.370000	0.289611	14.647094
8.380000	0.290039	14.663770
8.390000	0.290471	14.680438
8.400000	0.290905	14.697099
8.410000	0.291343	14.713752
8.420000	0.291785	14.730397
8.430000	0.292230	14.747034
8.440000	0.292678	14.763664
8.450000	0.293130	14.780285
8.460000	0.293586	14.796898
8.470000	0.294045	14.813503
8.480000	0.294508	14.830099
8.490000	0.294975	14.846687
8.500000	0.295446	14.863266
8.510000	0.295921	14.879837
8.520000	0.296400	14.896399
8.530000	0.296883	14.912952
8.540000	0.297370	14.929496
8.550000	0.297861	14.946031
8.560000	0.298357	14.962557
8.570000	0.298857	14.979073
8.580000	0.299361	14.995580
8.590000	0.299870	15.012078
8.600000	0.300383	15.028566
8.610000	0.300902	15.045044
8.620000	0.301424	15.061512
8.630000	0.301952	15.077970
8.640000	0.302485	15.094418
8.650000	0.303022	15.110855
8.660000	0.303565	15.127282
8.670000	0.304113	15.143699
8.680000	0.304666	15.160105
8.690000	0.305225	15.176499
8.700000	0.305789	15.192883
8.710000	0.306358	15.209256
8.720000	0.306934	15.225617
8.730000	0.307515	15.241966
8.740000	0.308102	15.258304
8.750000	0.308695	15.274630
8.760000	0.309294	15.290944
8.770000	0.309899	15.307246
8.780000	0.310511	15.323535
8.790000	0.311129	15.339811
8.800000	0.311754	15.356075
8.810000	0.312386	15.372326
8.820000	0.313025	15.388564
8.830000	0.313670	15.404788
8.840000	0.314323	15.420998
8.850000	0.314983	15.437195
8.860000	0.315651	15.453377
8.870000	0.316327	15.469545
8.880000	0.317010	15.485698
8.890000	0.317701	15.501837
8.900000	0.318401	15.517960
8.910000	0.319109	15.534069
8.920000	0.319825	15.550161
8.930000	0.320550	15.566238
8.940000	0.321284	15.582298
8.950000	0.322028	15.598342
8.960000	0.322780	15.614369
8.970000	0.323543	15.630379
8.980000	0.324315	15.646371
8.990000	0.325097	15.662346
9.000000	0.325890	15.678302
9.010000	0.326693	15.694240
9.020000	0.327507	15.710159
9.030000	0.328332	15.726059
9.040000	0.329168	15.741939
9.050000	0.330017	15.757799
9.060000	0.330877	15.773639
9.070000	0.331749	15.789458
9.080000	0.332634	15.805255
9.090000	0.333532	15.821031
9.100000	0.334444	15.836784
9.110000	0.335369	15.852515
9.120000	0.336308	15.868222
9.130000	0.337261	15.883905
9.140000	0.338230	15.899564
9.150000	0.339214	15.915198
9.160000	0.340213	15.930807
9.170000	0.341229	15.946389
9.180000	0.342261	15.961944
9.190000	0.343311	15.977472
9.200000	0.344378	15.992972
9.210000	0.345463	16.008443
9.220000	0.346568	16.023884
9.230000	0.347691	16.039294
9.240000	0.348835	16.054674
9.250000	0.349999	16.070021
9.260000	0.351185	16.085335
9.270000	0.352393	16.100615
9.280000	0.353624	16.115861
9.290000	0.354878	16.131070
9.300000	0.356157	16.146243
9.310000	0.357460	16.161377
9.320000	0.358790	16.176473
9.330000	0.360148	16.191528
9.340000	0.361533	16.206541
9.350000	0.362947	16.221511
9.360000	0.364392	16.236437
9.370000	0.365867	16.251318
9.380000	0.367376	16.266151
9.390000	0.368918	16.280935
9.400000	0.370496	16.295668
9.410000	0.372110	16.310349
9.420000	0.373762	16.324976
9.430000	0.375454	16.339546
9.440000	0.377187	16.354058
9.450000	0.378963	16.368510
9.460000	0.380785	16.382899
9.470000	0.382653	16.397223
9.480000	0.384571	16.411479
9.490000	0.386539	16.425664
9.500000	0.388562	16.439776
9.510000	0.390641	16.453812
9.520000	0.392779	16.467767
9.530000	0.394979	16.481639
9.540000	0.397244	16.495424
9.550000	0.399578	16.509119
9.560000	0.401983	16.522717
9.570000	0.404464	16.536217
9.580000	0.407025	16.549611
9.590000	0.409670	16.562896
9.600000	0.412403	16.576066
9.610000	0.415231	16.589114
9.620000	0.418158	16.602035
9.630000	0.421190	16.614821
9.640000	0.424334	16.627465
9.650000	0.427597	16.639959
9.660000	0.430985	16.652294
9.670000	0.434508	16.664462
9.680000	0.438175	16.676450
9.690000	0.441994	16.688250
9.700000	0.445976	16.699847
9.710000	0.450134	16.711230
9.720000	0.454480	16.722383
9.730000	0.459027	16.733290
9.740000	0.463792	16.743935
9.750000	0.468792	16.754297
9.760000	0.474045	16.764356
9.770000	0.479573	16.774088
9.780000	0.485399	16.783467
9.790000	0.491549	16.792463
9.800000	0.498052	16.801044
9.810000	0.504942	16.809173
9.820000	0.512256	16.816809
9.830000	0.520037	16.823906
9.840000	0.528331	16.830412
9.850000	0.537194	16.836266
9.860000	0.546688	16.841399
9.870000	0.556886	16.845735
9.880000	0.567871	16.849181
9.890000	0.579740	16.851633
9.900000	0.592607	16.852969
9.910000	0.606605	16.853045
9.920000	0.621892	16.851692
9.930000	0.638658	16.848707
9.940000	0.657129	16.843850
9.950000	0.677579	16.836828
9.960000	0.700346	16.827285
9.970000	0.725843	16.814785
9.980000	0.754588	16.798781
9.990000	0.787237	16.778587
10.000000	0.824624	16.753327
10.010000	0.867839	16.721865
10.020000	0.918317	16.682710
10.030000	0.977988	16.633855
10.040000	1.049506	16.572558
10.050000	1.136601	16.494968
10.060000	1.244666	16.395536
10.070000	1.381752	16.266004
10.080000	1.560316	16.093622
10.090000	1.800494	15.857841
10.100000	2.136516	15.523814
10.110000	2.630115	15.028850
10.120000	3.400424	14.252240
10.130000	4.694347	12.944312
10.140000	7.050493	10.561223
10.150000	11.544865	6.016346
10.160000	18.313750	-0.847988
10.170000	13.475141	3.827484
10.180000	18.962798	-1.774925
10.190000	10.514478	6.503768
10.200000	16.568076	0.365024
10.210000	15.767584	1.019836
10.220000	16.588632	0.061112
10.230000	14.952052	1.551806
10.240000	16.796603	-0.422266
10.250000	13.777655	2.448716
10.260000	16.930358	-0.821764
10.270000	12.732540	3.226751
10.280000	16.583091	-0.731125
10.290000	12.768364	2.937771
10.300000	16.173324	-0.574873
10.310000	12.910526	2.546192
10.320000	15.754403	-0.406791
10.330000	13.031759	2.178310
10.340000	15.317618	-0.217867
10.350000	13.141500	1.825074
10.360000	14.867821	-0.012661
10.370000	13.224373	1.502109
10.380000	14.416640	0.197598
10.390000	13.261496	1.228576
10.400000	13.983394	0.394063
10.410000	13.235752	1.021870
10.420000	13.589984	0.555281
10.430000	13.140621	0.888744
10.440000	13.249800	0.668159
10.450000	12.985323	0.820138
10.460000	12.959843	0.735765
10.470000	12.790033	0.795977
10.480000	12.705227	0.772882
10.490000	12.575260	0.795797
10.500000	12.470432	0.794872
10.510000	12.354803	0.805796
10.520000	12.245752	0.811300
10.530000	12.135332	0.819262
10.540000	12.026943	0.826298
10.550000	11.919197	0.833774
10.560000	11.812606	0.841174
10.570000	11.706973	0.848680
10.580000	11.602350	0.856234
10.590000	11.498706	0.863854
10.600000	11.396038	0.871535
10.610000	11.294334	0.879279
10.620000	11.193583	0.887087
10.630000	11.093775	0.894958
10.640000	10.994902	0.902894
10.650000	10.896952	0.910895
10.660000	10.799916	0.918961
10.670000	10.703785	0.927093
10.680000	10.608549	0.935292
10.690000	10.514198	0.943557
10.700000	10.420723	0.951890
10.710000	10.328115	0.960291
10.720000	10.236364	0.968761
10.730000	10.145462	0.977299
10.740000	10.055399	0.985907
10.750000	9.966166	0.994586
10.760000	9.877755	1.003335
10.770000	9.790157	1.012156
10.780000	9.703363	1.021049
10.790000	9.617364	1.030014
10.800000	9.532152	1.039052
10.810000	9.447718	1.048165
10.820000	9.364054	1.057351
10.830000	9.281152	1.066613
10.840000	9.199003	1.075950
10.850000	9.117600	1.085364
10.860000	9.036933	1.094854
10.870000	8.956996	1.104422
10.880000	8.877780	1.114068
10.890000	8.799277	1.123794
10.900000	8.721479	1.133599
10.910000	8.644379	1.143484
10.920000	8.567969	1.153450
10.930000	8.492241	1.163498
10.940000	8.417188	1.173629
10.950000	8.342802	1.183843
10.960000	8.269076	1.194141
10.970000	8.196003	1.204523
10.980000	8.123575	1.214992
10.990000	8.051784	1.225546
11.000000	7.980625	1.236188
11.010000	7.910089	1.246918
11.020000	7.840169	1.257736
11.030000	7.770859	1.268645
11.040000	7.702151	1.279644
11.050000	7.634040	1.290734
11.060000	7.566516	1.301917
11.070000	7.499575	1.313193
11.080000	7.433209	1.324563
11.090000	7.367412	1.336028
11.100000	7.302176	1.347590
11.110000	7.237496	1.359249
11.120000	7.173364	1.371006
11.130000	7.109774	1.382862
11.140000	7.046720	1.394818
11.150000	6.984195	1.406875
11.160000	6.922193	1.419035
11.170000	6.860708	1.431299
11.180000	6.799733	1.443667
11.190000	6.739261	1.456141
11.200000	6.679288	1.468722
11.210000	6.619805	1.481412
11.220000	6.560808	1.494211
11.230000	6.502291	1.507120
11.240000	6.444246	1.520142
11.250000	6.386668	1.533278
11.260000	6.329551	1.546528
11.270000	6.272889	1.559894
11.280000	6.216676	1.573378
11.290000	6.160906	1.586981
11.300000	6.105573	1.600705
11.310000	6.050672	1.614551
11.320000	5.996195	1.628521
11.330000	5.942138	1.642616
11.340000	5.888494	1.656839
11.350000	5.835258	1.671190
11.360000	5.782424	1.685672
11.370000	5.729985	1.700286
11.380000	5.677937	1.715034
11.390000	5.626273	1.729918
11.400000	5.574988	1.744941
11.410000	5.524076	1.760103
11.420000	5.473530	1.775408
11.430000	5.423346	1.790857
11.440000	5.373517	1.806453
11.450000	5.324038	1.822197
11.460000	5.274902	1.838092
11.470000	5.226104	1.854141
11.480000	5.177639	1.870345
11.490000	5.129500	1.886708
11.500000	5.081681	1.903232
11.510000	5.034177	1.919919
11.520000	4.986981	1.936773
11.530000	4.940088	1.953796
11.540000	4.893492	1.970991
11.550000	4.847187	1.988362
11.560000	4.801166	2.005910
11.570000	4.755424	2.023641
11.580000	4.709955	2.041556
11.590000	4.664752	2.059659
11.600000	4.619809	2.077954
11.610000	4.575121	2.096445
11.620000	4.530679	2.115135
11.630000	4.486480	2.134028
11.640000	4.442515	2.153128
11.650000	4.398778	2.172440
11.660000	4.355263	2.191967
11.670000	4.311963	2.211714
11.680000	4.268872	2.231686
11.690000	4.225982	2.251887
11.700000	4.183287	2.272322
11.710000	4.140779	2.292997
11.720000	4.098452	2.313916
11.730000	4.056298	2.335086
11.740000	4.014310	2.356511
11.750000	3.972480	2.378198
11.760000	3.930801	2.400152
11.770000	3.889265	2.422380
11.780000	3.847864	2.444888
11.790000	3.806591	2.467683
11.800000	3.765436	2.490771
11.810000	3.724393	2.514161
11.820000	3.683451	2.537858
11.830000	3.642603	2.561871
11.840000	3.601841	2.586208
11.850000	3.561154	2.610877
11.860000	3.520533	2.635886
11.870000	3.479970	2.661243
11.880000	3.439455	2.686959
11.890000	3.398978	2.713041
11.900000	3.358530	2.739500
11.910000	3.318100	2.766345
11.920000	3.277677	2.793586
11.930000	3.237252	2.821234
11.940000	3.196814	2.849300
11.950000	3.156352	2.877793
11.960000	3.115856	2.906727
11.970000	3.075313	2.936111
11.980000	3.034712	2.965958
11.990000	2.994043	2.996280
12.000000	2.953294	3.027089
12.010000	2.912453	3.058397
12.020000	2.871508	3.090218
12.030000	2.830448	3.122563
12.040000	2.789261	3.155446
12.050000	2.747935	3.188879
12.060000	2.706459	3.222875
12.070000	2.664821	3.257448
12.080000	2.623011	3.292610
12.090000	2.581018	3.328373
12.100000	2.538830	3.364751
12.110000	2.496440	3.401753
12.120000	2.453836	3.439393
12.130000	2.411010	3.477680
12.140000	2.367956	3.516624
12.150000	2.324665	3.556235
12.160000	2.281133	3.596520
12.170000	2.237356	3.637486
12.180000	2.193331	3.679138
12.190000	2.149057	3.721479
12.200000	2.104535	3.764510
12.210000	2.059769	3.808231
12.220000	2.014764	3.852638
12.230000	1.969529	3.897725
12.240000	1.924075	3.943484
12.250000	1.878417	3.989901
12.260000	1.832573	4.036961
12.270000	1.786564	4.084644
12.280000	1.740416	4.132926
12.290000	1.694159	4.181779
12.300000	1.647826	4.231171
12.310000	1.601455	4.281063
12.320000	1.555090	4.331414
12.330000	1.508777	4.382176
12.340000	1.462568	4.433298
12.350000	1.416518	4.484722
12.360000	1.370688	4.536387
12.370000	1.325141	4.588226
12.380000	1.279945	4.640171
12.390000	1.235169	4.692148
12.400000	1.190886	4.744079
12.410000	1.147169	4.795887
12.420000	1.104095	4.847490
12.430000	1.061736	4.898807
12.440000	1.020169	4.949758
12.450000	0.979464	5.000260
12.460000	0.939693	5.050237
12.470000	0.900922	5.099611
12.480000	0.863212	5.148312
12.490000	0.826621	5.196271
12.500000	0.791199	5.243427
12.510000	0.756990	5.289723
12.520000	0.724033	5.335110
12.530000	0.692358	5.379546
12.540000	0.661986	5.422994
12.550000	0.632932	5.465428
12.560000	0.605204	5.506826
12.570000	0.578802	5.547177
12.580000	0.553717	5.586473
12.590000	0.529937	5.624717
12.600000	0.507440	5.661914
12.610000	0.486200	5.698079
12.620000	0.466188	5.733229
12.630000	0.447367	5.767388
12.640000	0.429700	5.800582
12.650000	0.413143	5.832842
12.660000	0.397653	5.864200
12.670000	0.383184	5.894693
12.680000	0.369689	5.924356
12.690000	0.357120	5.953228
12.700000	0.345430	5.981348
12.710000	0.334569	6.008753
12.720000	0.324493	6.035484
12.730000	0.315154	6.061579
12.740000	0.306507	6.087073
12.750000	0.298510	6.112006
12.760000	0.291120	6.136410
12.770000	0.284298	6.160322
12.780000	0.278004	6.183772
12.790000	0.272203	6.206793
12.800000	0.266859	6.229415
12.810000	0.261941	6.251665
12.820000	0.257417	6.273569
12.830000	0.253258	6.295154
12.840000	0.249437	6.316442
12.850000	0.245929	6.337456
12.860000	0.242710	6.358216
12.870000	0.239758	6.378741
12.880000	0.237051	6.399050
12.890000	0.234571	6.419159
12.900000	0.232300	6.439084
12.910000	0.230222	6.458840
12.920000	0.228321	6.478439
12.930000	0.226583	6.497893
12.940000	0.224995	6.517216
12.950000	0.223545	6.536416
12.960000	0.222221	6.555504
12.970000	0.221014	6.574489
12.980000	0.219914	6.593379
12.990000	0.218912	6.612182
13.000000	0.218000	6.630904
13.010000	0.217172	6.649553
13.020000	0.216419	6.668134
13.030000	0.215736	6.686653
13.040000	0.215117	6.705114
13.050000	0.214557	6.723523
13.060000	0.214051	6.741884
13.070000	0.213594	6.760200
13.080000	0.213183	6.778475
13.090000	0.212814	6.796713
13.100000	0.212482	6.814916
13.110000	0.212186	6.833087
13.120000	0.211922	6.851229
13.130000	0.211688	6.869345
13.140000	0.211480	6.887435
13.150000	0.211298	6.905503
13.160000	0.211138	6.923549
13.170000	0.210999	6.941577
13.180000	0.210880	6.959586
13.190000	0.210778	6.977579
13.200000	0.210692	6.995557
13.210000	0.210622	7.013521
13.220000	0.210565	7.031472
13.230000	0.210520	7.049411
13.240000	0.210487	7.067339
13.250000	0.210465	7.085256
13.260000	0.210452	7.103164
13.270000	0.210448	7.121063
13.280000	0.210453	7.138954
13.290000	0.210465	7.156838
13.300000	0.210484	7.174714
13.310000	0.210509	7.192584
13.320000	0.210541	7.210447
13.330000	0.210577	7.228305
13.340000	0.210619	7.246158
13.350000	0.210665	7.264005
13.360000	0.210716	7.281848
13.370000	0.210770	7.299686
13.380000	0.210828	7.317521
13.390000	0.210890	7.335351
13.400000	0.210954	7.353178
13.410000	0.211022	7.371001
13.420000	0.211092	7.388821
13.430000	0.211164	7.406637
13.440000	0.211239	7.424451
13.450000	0.211315	7.442262
13.460000	0.211394	7.460070
13.470000	0.211474	7.477876
13.480000	0.211556	7.495679
13.490000	0.211640	7.513480
13.500000	0.211725	7.531279
13.510000	0.211811	7.549075
13.520000	0.211899	7.566869
13.530000	0.211988	7.584662
13.540000	0.212077	7.602452
13.550000	0.212168	7.620240
13.560000	0.212260	7.638027
13.570000	0.212353	7.655812
13.580000	0.212446	7.673595
13.590000	0.212540	7.691376
13.600000	0.212635	7.709155
13.610000	0.212731	7.726933
13.620000	0.212827	7.744710
13.630000	0.212924	7.762484
13.640000	0.213022	7.780258
13.650000	0.213120	7.798029
13.660000	0.213219	7.815799
13.670000	0.213318	7.833568
13.680000	0.213418	7.851335
13.690000	0.213518	7.869101
13.700000	0.213618	7.886865
13.710000	0.213719	7.904628
13.720000	0.213821	7.922389
13.730000	0.213922	7.940149
13.740000	0.214025	7.957908
13.750000	0.214127	7.975665
13.760000	0.214230	7.993421
13.770000	0.214333	8.011176
13.780000	0.214437	8.028929
13.790000	0.214541	8.046680
13.800000	0.214645	8.064431
13.810000	0.214750	8.082180
13.820000	0.214854	8.099927
13.830000	0.214960	8.117674
13.840000	0.215065	8.135419
13.850000	0.215171	8.153162
13.860000	0.215277	8.170905
13.870000	0.215383	8.188646
13.880000	0.215490	8.206385
13.890000	0.215596	8.224123
13.900000	0.215704	8.241860
13.910000	0.215811	8.259596
13.920000	0.215919	8.277330
13.930000	0.216026	8.295063
13.940000	0.216135	8.312795
13.950000	0.216243	8.330525
13.960000	0.216352	8.348254
13.970000	0.216461	8.365981
13.980000	0.216570	8.383707
13.990000	0.216679	8.401432
14.000000	0.216789	8.419156
14.010000	0.216899	8.436878
14.020000	0.217009	8.454599
14.030000	0.217120	8.472318
14.040000	0.217231	8.490036
14.050000	0.217342	8.507753
14.060000	0.217453	8.525468
14.070000	0.217564	8.543182
14.080000	0.217676	8.560895
14.090000	0.217788	8.578606
14.100000	0.217900	8.596316
14.110000	0.218013	8.614024
14.120000	0.218126	8.631731
14.130000	0.218239	8.649437
14.140000	0.218352	8.667141
14.150000	0.218466	8.684844
14.160000	0.218580	8.702546
14.170000	0.218694	8.720246
14.180000	0.218808	8.737944
14.190000	0.218922	8.755642
14.200000	0.219037	8.773338
14.210000	0.219152	8.791032
14.220000	0.219268	8.808725
14.230000	0.219383	8.826417
14.240000	0.219499	8.844107
14.250000	0.219616	8.861796
14.260000	0.219732	8.879484
14.270000	0.219849	8.897170
14.280000	0.219966	8.914854
14.290000	0.220083	8.932537
14.300000	0.220200	8.950219
14.310000	0.220318	8.967899
14.320000	0.220436	8.985578
14.330000	0.220554	9.003255
14.340000	0.220673	9.020931
14.350000	0.220792	9.038606
14.360000	0.220911	9.056279
14.370000	0.221030	9.073950
14.380000	0.221150	9.091620
14.390000	0.221270	9.109289
14.400000	0.221390	9.126956
14.410000	0.221511	9.144621
14.420000	0.221632	9.162285
14.430000	0.221753	9.179948
14.440000	0.221874	9.197609
14.450000	0.221996	9.215269
14.460000	0.222118	9.232927
14.470000	0.222240	9.250583
14.480000	0.222362	9.268238
14.490000	0.222485	9.285892
14.500000	0.222608	9.303544
14.510000	0.222732	9.321194
14.520000	0.222855	9.338843
14.530000	0.222979	9.356491
14.540000	0.223104	9.374137
14.550000	0.223228	9.391781
14.560000	0.223353	9.409424
14.570000	0.223478	9.427065
14.580000	0.223604	9.444705
14.590000	0.223730	9.462343
14.600000	0.223856	9.479980
14.610000	0.223982	9.497615
14.620000	0.224109	9.515248
14.630000	0.224236	9.532880
14.640000	0.224363	9.550510
14.650000	0.224491	9.568139
14.660000	0.224619	9.585766
14.670000	0.224747	9.603392
14.680000	0.224876	9.621016
14.690000	0.225005	9.638638
14.700000	0.225134	9.656259
14.710000	0.225264	9.673878
14.720000	0.225393	9.691495
14.730000	0.225524	9.709111
14.740000	0.225654	9.726725
14.750000	0.225785	9.744338
14.760000	0.225916	9.761949
14.770000	0.226048	9.779558
14.780000	0.226180	9.797166
14.790000	0.226312	9.814772
14.800000	0.226444	9.832376
14.810000	0.226577	9.849979
14.820000	0.226710	9.867580
14.830000	0.226844	9.885179
14.840000	0.226978	9.902777
14.850000	0.227112	9.920373
14.860000	0.227247	9.937967
14.870000	0.227382	9.955560
14.880000	0.227517	9.973151
14.890000	0.227653	9.990740
14.900000	0.227789	10.008327
14.910000	0.227925	10.025913
14.920000	0.228062	10.043497
14.930000	0.228199	10.061080
14.940000	0.228336	10.078660
14.950000	0.228474	10.096239
14.960000	0.228612	10.113816
14.970000	0.228751	10.131392
14.980000	0.228889	10.148965
14.990000	0.229029	10.166537
15.000000	0.229168	10.184107
15.010000	0.229308	10.201675
15.020000	0.229449	10.219242
15.030000	0.229589	10.236807
15.040000	0.229730	10.254370
15.050000	0.229872	10.271931
15.060000	0.230014	10.289490
15.070000	0.230156	10.307048
15.080000	0.230299	10.324604
15.090000	0.230442	10.342158
15.100000	0.230585	10.359710
15.110000	0.230729	10.377260
15.120000	0.230873	10.394809
15.130000	0.231018	10.412355
15.140000	0.231163	10.429900
15.150000	0.231308	10.447443
15.160000	0.231454	10.464984
15.170000	0.231600	10.482523
15.180000	0.231747	10.500061
15.190000	0.231894	10.517596
15.200000	0.232042	10.535130
15.210000	0.232190	10.552661
15.220000	0.232338	10.570191
15.230000	0.232487	10.587719
15.240000	0.232636	10.605245
15.250000	0.232785	10.622769
15.260000	0.232935	10.640291
15.270000	0.233086	10.657812
15.280000	0.233237	10.675330
15.290000	0.233388	10.692846
15.300000	0.233540	10.710361
15.310000	0.233692	10.727873
15.320000	0.233844	10.745384
15.330000	0.233997	10.762892
15.340000	0.234151	10.780399
15.350000	0.234305	10.797903
15.360000	0.234459	10.815406
15.370000	0.234614	10.832906
15.380000	0.234769	10.850405
15.390000	0.234925	10.867901
15.400000	0.235081	10.885396
15.410000	0.235238	10.902888
15.420000	0.235395	10.920379
15.430000	0.235553	10.937867
15.440000	0.235711	10.955354
15.450000	0.235869	10.972838
15.460000	0.236028	10.990320
15.470000	0.236188	11.007801
15.480000	0.236348	11.025279
15.490000	0.236508	11.042755
15.500000	0.236669	11.060229
15.510000	0.236831	11.077700
15.520000	0.236993	11.095170
15.530000	0.237155	11.112638
15.540000	0.237318	11.130103
15.550000	0.237482	11.147567
15.560000	0.237646	11.165028
15.570000	0.237810	11.182487
15.580000	0.237975	11.199944
15.590000	0.238141	11.217399
15.600000	0.238307	11.234851
15.610000	0.238473	11.252302
15.620000	0.238640	11.269750
15.630000	0.238808	11.287196
15.640000	0.238976	11.304639
15.650000	0.239145	11.322081
15.660000	0.239314	11.339520
15.670000	0.239484	11.356958
15.680000	0.239654	11.374392
15.690000	0.239825	11.391825
15.700000	0.239996	11.409255
15.710000	0.240168	11.426683
15.720000	0.240341	11.444109
15.730000	0.240514	11.461533
15.740000	0.240687	11.478954
15.750000	0.240861	11.496373
15.760000	0.241036	11.513790
15.770000	0.241212	11.531204
15.780000	0.241388	11.548616
15.790000	0.241564	11.566025
15.800000	0.241741	11.583433
15.810000	0.241919	11.600838
15.820000	0.242097	11.618240
15.830000	0.242276	11.635640
15.840000	0.242455	11.653038
15.850000	0.242636	11.670433
15.860000	0.242816	11.687826
15.870000	0.242998	11.705217
15.880000	0.243180	11.722605
15.890000	0.243362	11.739991
15.900000	0.243545	11.757374
15.910000	0.243729	11.774754
15.920000	0.243914	11.792133
15.930000	0.244099	11.809508
15.940000	0.244284	11.826882
15.950000	0.244471	11.844253
15.960000	0.244658	11.861621
15.970000	0.244846	11.878986
15.980000	0.245034	11.896350
15.990000	0.245223	11.913710
16.000000	0.245413	11.931068
16.010000	0.245603	11.948424
16.020000	0.245794	11.965777
16.030000	0.245986	11.983127
16.040000	0.246178	12.000475
16.050000	0.246371	12.017820
16.060000	0.246565	12.035162
16.070000	0.246760	12.052502
16.080000	0.246955	12.069839
16.090000	0.247151	12.087174
16.100000	0.247348	12.104506
16.110000	0.247545	12.121835
16.120000	0.247743	12.139161
16.130000	0.247942	12.156485
16.140000	0.248142	12.173806
16.150000	0.248342	12.191124
16.160000	0.248543	12.208440
16.170000	0.248745	12.225752
16.180000	0.248948	12.243062
16.190000	0.249151	12.260369
16.200000	0.249355	12.277674
16.210000	0.249560	12.294975
16.220000	0.249766	12.312274
16.230000	0.249972	12.329570
16.240000	0.250180	12.346863
16.250000	0.250388	12.364153
16.260000	0.250597	12.381440
16.270000	0.250806	12.398724
16.280000	0.251017	12.416006
16.290000	0.251228	12.433284
16.300000	0.251441	12.450559
16.310000	0.251654	12.467832
16.320000	0.251868	12.485102
16.330000	0.252082	12.502368
16.340000	0.252298	12.519632
16.350000	0.252515	12.536892
16.360000	0.252732	12.554150
16.370000	0.252950	12.571404
16.380000	0.253169	12.588655
16.390000	0.253389	12.605904
16.400000	0.253610	12.623149
16.410000	0.253832	12.640391
16.420000	0.254055	12.657630
16.430000	0.254279	12.674866
16.440000	0.254503	12.692098
16.450000	0.254729	12.709328
16.460000	0.254955	12.726554
16.470000	0.255183	12.743777
16.480000	0.255411	12.760997
16.490000	0.255641	12.778213
16.500000	0.255871	12.795426
16.510000	0.256102	12.812636
16.520000	0.256335	12.829843
16.530000	0.256568	12.847046
16.540000	0.256802	12.864246
16.550000	0.257038	12.881443
16.560000	0.257274	12.898636
16.570000	0.257512	12.915826
16.580000	0.257750	12.933012
16.590000	0.257990	12.950195
16.600000	0.258230	12.967374
16.610000	0.258472	12.984551
16.620000	0.258715	13.001723
16.630000	0.258959	13.018892
16.640000	0.259204	13.036057
16.650000	0.259450	13.053219
16.660000	0.259697	13.070378
16.670000	0.259945	13.087532
16.680000	0.260195	13.104683
16.690000	0.260445	13.121831
16.700000	0.260697	13.138975
16.710000	0.260950	13.156115
16.720000	0.261204	13.173251
16.730000	0.261459	13.190384
16.740000	0.261716	13.207513
16.750000	0.261974	13.224638
16.760000	0.262233	13.241759
16.770000	0.262493	13.258876
16.780000	0.262754	13.275990
16.790000	0.263017	13.293100
16.800000	0.263281	13.310205
16.810000	0.263547	13.327307
16.820000	0.263813	13.344405
16.830000	0.264081	13.361499
16.840000	0.264350	13.378589
16.850000	0.264621	13.395675
16.860000	0.264893	13.412757
16.870000	0.265166	13.429835
16.880000	0.265441	13.446908
16.890000	0.265717	13.463978
16.900000	0.265994	13.481043
16.910000	0.266273	13.498105
16.920000	0.266553	13.515162
16.930000	0.266835	13.532214
16.940000	0.267118	13.549263
16.950000	0.267403	13.566307
16.960000	0.267689	13.583347
16.970000	0.267977	13.600382
16.980000	0.268266	13.617413
16.990000	0.268557	13.634440
17.000000	0.268849	13.651462
17.010000	0.269143	13.668479
17.020000	0.269438	13.685493
17.030000	0.269735	13.702501
17.040000	0.270034	13.719505
17.050000	0.270334	13.736505
17.060000	0.270636	13.753499
17.070000	0.270940	13.770489
17.080000	0.271245	13.787475
17.090000	0.271552	13.804455
17.100000	0.271861	13.821431
17.110000	0.272171	13.838402
17.120000	0.272484	13.855368
17.130000	0.272798	13.872329
17.140000	0.273114	13.889285
17.150000	0.273431	13.906236
17.160000	0.273751	13.923182
17.170000	0.274072	13.940124
17.180000	0.274395	13.957060
17.190000	0.274721	13.973990
17.200000	0.275048	13.990916
17.210000	0.275377	14.007837
17.220000	0.275708	14.024752
17.230000	0.276041	14.041662
17.240000	0.276376	14.058566
17.250000	0.276713	14.075465
17.260000	0.277052	14.092359
17.270000	0.277393	14.109247
17.280000	0.277737	14.126130
17.290000	0.278082	14.143007
17.300000	0.278430	14.159879
17.310000	0.278780	14.176744
17.320000	0.279132	14.193604
17.330000	0.279486	14.210459
17.340000	0.279843	14.227307
17.350000	0.280202	14.244150
17.360000	0.280563	14.260986
17.370000	0.280927	14.277817
17.380000	0.281293	14.294642
17.390000	0.281662	14.311460
17.400000	0.282033	14.328273
17.410000	0.282406	14.345079
17.420000	0.282782	14.361879
17.430000	0.283161	14.378673
17.440000	0.283542	14.395460
17.450000	0.283926	14.412241
17.460000	0.284312	14.429015
17.470000	0.284701	14.445783
17.480000	0.285093	14.462544
17.490000	0.285488	14.479298
17.500000	0.285885	14.496046
17.510000	0.286285	14.512787
17.520000	0.286689	14.529521
17.530000	0.287095	14.546248
17.540000	0.287504	14.562968
17.550000	0.287916	14.579681
17.560000	0.288331	14.596386
17.570000	0.288749	14.613085
17.580000	0.289171	14.629776
17.590000	0.289595	14.646459
17.600000	0.290023	14.663136
17.610000	0.290454	14.679804
17.620000	0.290889	14.696465
17.630000	0.291327	14.713119
17.640000	0.291768	14.729764
17.650000	0.292213	14.746402
17.660000	0.292661	14.763031
17.670000	0.293113	14.779653
17.680000	0.293568	14.796266
17.690000	0.294028	14.812871
17.700000	0.294491	14.829468
17.710000	0.294957	14.846056
17.720000	0.295428	14.862636
17.730000	0.295903	14.879207
17.740000	0.296382	14.895769
17.750000	0.296864	14.912322
17.760000	0.297351	14.928867
17.770000	0.297842	14.945402
17.780000	0.298338	14.961928
17.790000	0.298838	14.978445
17.800000	0.299342	14.994953
17.810000	0.299850	15.011451
17.820000	0.300364	15.027939
17.830000	0.300882	15.044417
17.840000	0.301404	15.060886
17.850000	0.301932	15.077344
17.860000	0.302464	15.093792
17.870000	0.303002	15.110230
17.880000	0.303544	15.126658
17.890000	0.304092	15.143075
17.900000	0.304645	15.159481
17.910000	0.305203	15.175876
17.920000	0.305767	15.192260
17.930000	0.306337	15.208633
17.940000	0.306912	15.224995
17.950000	0.307492	15.241345
17.960000	0.308079	15.257683
17.970000	0.308672	15.274009
17.980000	0.309271	15.290324
17.990000	0.309876	15.306626
18.000000	0.310488	15.322915
18.010000	0.311106	15.339193
18.020000	0.311730	15.355457
18.030000	0.312362	15.371708
18.040000	0.313000	15.387946
18.050000	0.313646	15.404171
18.060000	0.314298	15.420382
18.070000	0.314958	15.436579
18.080000	0.315626	15.452762
18.090000	0.316301	15.468930
18.100000	0.316984	15.485084
18.110000	0.317675	15.501223
18.120000	0.318374	15.517347
18.130000	0.319082	15.533456
18.140000	0.319798	15.549549
18.150000	0.320523	15.565626
18.160000	0.321256	15.581687
18.170000	0.321999	15.597732
18.180000	0.322752	15.613759
18.190000	0.323514	15.629770
18.200000	0.324285	15.645763
18.210000	0.325067	15.661738
18.220000	0.325859	15.677695
18.230000	0.326662	15.693634
18.240000	0.327476	15.709554
18.250000	0.328300	15.725455
18.260000	0.329136	15.741336
18.270000	0.329984	15.757196
18.280000	0.330844	15.773037
18.290000	0.331716	15.788857
18.300000	0.332600	15.804655
18.310000	0.333498	15.820431
18.320000	0.334409	15.836185
18.330000	0.335333	15.851917
18.340000	0.336272	15.867625
18.350000	0.337225	15.883309
18.360000	0.338193	15.898969
18.370000	0.339176	15.914604
18.380000	0.340175	15.930213
18.390000	0.341190	15.945797
18.400000	0.342221	15.961353
18.410000	0.343270	15.976882
18.420000	0.344337	15.992383
18.430000	0.345422	16.007855
18.440000	0.346525	16.023297
18.450000	0.347648	16.038709
18.460000	0.348791	16.054089
18.470000	0.349955	16.069438
18.480000	0.351140	16.084753
18.490000	0.352347	16.100035
18.500000	0.353576	16.115281
18.510000	0.354830	16.130492
18.520000	0.356107	16.145666
18.530000	0.357410	16.160802
18.540000	0.358739	16.175899
18.550000	0.360095	16.190956
18.560000	0.361480	16.205971
18.570000	0.362893	16.220943
18.580000	0.364336	16.235870
18.590000	0.365811	16.250752
18.600000	0.367318	16.265587
18.610000	0.368859	16.280373
18.620000	0.370435	16.295108
18.630000	0.372048	16.309791
18.640000	0.373698	16.324420
18.650000	0.375389	16.338993
18.660000	0.377120	16.353507
18.670000	0.378895	16.367962
18.680000	0.380714	16.382353
18.690000	0.382581	16.396679
18.700000	0.384497	16.410938
18.710000	0.386464	16.425126
18.720000	0.388484	16.439241
18.730000	0.390561	16.453279
18.740000	0.392697	16.467238
18.750000	0.394894	16.481113
18.760000	0.397157	16.494902
18.770000	0.399488	16.508599
18.780000	0.401890	16.522202
18.790000	0.404368	16.535705
18.800000	0.406926	16.549104
18.810000	0.409567	16.562393
18.820000	0.412298	16.575567
18.830000	0.415122	16.588620
18.840000	0.418045	16.601546
18.850000	0.421073	16.614337
18.860000	0.424212	16.626987
18.870000	0.427470	16.639487
18.880000	0.430854	16.651828
18.890000	0.434372	16.664002
18.900000	0.438032	16.675998
18.910000	0.441846	16.687804
18.920000	0.445822	16.699410
18.930000	0.449973	16.710801
18.940000	0.454311	16.721963
18.950000	0.458850	16.732880
18.960000	0.463607	16.743535
18.970000	0.468597	16.753908
18.980000	0.473840	16.763979
18.990000	0.479357	16.773724
19.000000	0.485171	16.783117
19.010000	0.491308	16.792128
19.020000	0.497798	16.800725
19.030000	0.504673	16.808872
19.040000	0.511970	16.816528
19.050000	0.519732	16.823647
19.060000	0.528005	16.830176
19.070000	0.536846	16.836056
19.080000	0.546315	16.841218
19.090000	0.556484	16.845585
19.100000	0.567438	16.849067
19.110000	0.579271	16.851559
19.120000	0.592097	16.852940
19.130000	0.606050	16.853067
19.140000	0.621285	16.851771
19.150000	0.637990	16.848853
19.160000	0.656392	16.844072
19.170000	0.676761	16.837138
19.180000	0.699432	16.827699
19.190000	0.724817	16.815321
19.200000	0.753428	16.799461
19.210000	0.785914	16.779441
19.220000	0.823103	16.754393
19.230000	0.866073	16.723192
19.240000	0.916242	16.684362
19.250000	0.975521	16.635921
19.260000	1.046528	16.575159
19.270000	1.132944	16.498277
19.280000	1.240086	16.399806
19.290000	1.375875	16.271616
19.300000	1.552556	16.101176
19.310000	1.789882	15.868325
19.320000	2.121365	15.538943
19.330000	2.607297	15.051797
19.340000	3.363715	14.289306
19.350000	4.630481	13.008903
19.360000	6.930414	10.682665
19.370000	11.319021	6.244755
19.380000	18.094722	-0.624137
19.390000	14.080759	3.228879
19.400000	18.953702	-1.764871
19.410000	10.548621	6.470672
19.420000	16.608410	0.325397
19.430000	15.699057	1.088665
19.440000	16.675290	-0.024558
19.450000	14.792721	1.711258
19.460000	16.930176	-0.554124
19.470000	13.499567	2.727183
19.480000	17.004588	-0.892833
19.490000	12.572403	3.389306
19.500000	16.566756	-0.710771
19.510000	12.813649	2.896668
19.520000	16.180176	-0.577995
19.530000	12.907177	2.553202
19.540000	15.760900	-0.409593
19.550000	13.029748	2.183950
19.560000	15.324263	-0.220862
19.570000	13.139937	1.830221
19.580000	14.874566	-0.015807
19.590000	13.223390	1.506623
19.600000	14.423269	0.194510
19.610000	13.261350	1.232196
19.620000	13.989584	0.391349
19.630000	13.236633	1.024404
19.640000	13.595446	0.553225
19.650000	13.142506	0.890210
19.660000	13.254450	0.666841
19.670000	12.987970	0.820777
19.680000	12.963840	0.735027
19.690000	12.793113	0.796116
19.700000	12.708824	0.772474
19.710000	12.578508	0.795701
19.720000	12.473822	0.794603
19.730000	12.358073	0.805613
19.740000	12.249033	0.811072
19.750000	12.138563	0.819052
19.760000	12.030151	0.826078
19.770000	11.922372	0.833555
19.780000	11.815752	0.840952
19.790000	11.710089	0.848457
19.800000	11.605437	0.856009
19.810000	11.501764	0.863627
19.820000	11.399067	0.871306
19.830000	11.297334	0.879049
19.840000	11.196555	0.886854
19.850000	11.096720	0.894724
19.860000	10.997819	0.902658
19.870000	10.899842	0.910657
19.880000	10.802779	0.918721
19.890000	10.706621	0.926851
19.900000	10.611359	0.935048
19.910000	10.516982	0.943311
19.920000	10.423481	0.951642
19.930000	10.330847	0.960041
19.940000	10.239071	0.968508
19.950000	10.148144	0.977045
19.960000	10.058056	0.985651
19.970000	9.968799	0.994328
19.980000	9.880364	1.003075
19.990000	9.792742	1.011894
20.000000	9.705924	1.020784
20.010000	9.619901	1.029747
20.020000	9.534666	1.038784
20.030000	9.450209	1.047894
20.040000	9.366523	1.057078
20.050000	9.283598	1.066337
20.060000	9.201427	1.075672
20.070000	9.120002	1.085083
20.080000	9.039314	1.094572
20.090000	8.959355	1.104137
20.100000	8.880117	1.113781
20.110000	8.801593	1.123504
20.120000	8.723775	1.133307
20.130000	8.646654	1.143190
20.140000	8.570224	1.153154
20.150000	8.494476	1.163199
20.160000	8.419403	1.173327
20.170000	8.344997	1.183539
20.180000	8.271252	1.193834
20.190000	8.198159	1.204214
20.200000	8.125712	1.214680
20.210000	8.053903	1.225232
20.220000	7.982725	1.235871
20.230000	7.912170	1.246598
20.240000	7.842233	1.257414
20.250000	7.772905	1.268320
20.260000	7.704179	1.279316
20.270000	7.636050	1.290404
20.280000	7.568509	1.301584
20.290000	7.501551	1.312857
20.300000	7.435168	1.324225
20.310000	7.369354	1.335687
20.320000	7.304102	1.347246
20.330000	7.239405	1.358902
20.340000	7.175257	1.370656
20.350000	7.111651	1.382509
20.360000	7.048581	1.394462
20.370000	6.986041	1.406517
20.380000	6.924024	1.418673
20.390000	6.862523	1.430934
20.400000	6.801533	1.443299
20.410000	6.741046	1.455770
20.420000	6.681058	1.468348
20.430000	6.621561	1.481034
20.440000	6.562550	1.493830
20.450000	6.504018	1.506736
20.460000	6.445959	1.519755
20.470000	6.388368	1.532887
20.480000	6.331238	1.546133
20.490000	6.274562	1.559496
20.500000	6.218336	1.572977
20.510000	6.162553	1.586576
20.520000	6.107207	1.600297
20.530000	6.052293	1.614139
20.540000	5.997804	1.628105
20.550000	5.943734	1.642197
20.560000	5.890078	1.656415
20.570000	5.836830	1.670763
20.580000	5.783984	1.685240
20.590000	5.731534	1.699851
20.600000	5.679474	1.714595
20.610000	5.627799	1.729475
20.620000	5.576503	1.744494
20.630000	5.525580	1.759652
20.640000	5.475023	1.774952
20.650000	5.424828	1.790397
20.660000	5.374989	1.805988
20.670000	5.325499	1.821728
20.680000	5.276354	1.837619
20.690000	5.227546	1.853663
20.700000	5.179071	1.869863
20.710000	5.130922	1.886221
20.720000	5.083094	1.902740
20.730000	5.035580	1.919422
20.740000	4.988376	1.936271
20.750000	4.941474	1.953289
20.760000	4.894869	1.970479
20.770000	4.848555	1.987844
20.780000	4.802526	2.005388
20.790000	4.756776	2.023112
20.800000	4.711299	2.041022
20.810000	4.666088	2.059120
20.820000	4.621138	2.077409
20.830000	4.576442	2.095894
20.840000	4.531993	2.114578
20.850000	4.487786	2.133465
20.860000	4.443815	2.152559
20.870000	4.400071	2.171864
20.880000	4.356550	2.191385
20.890000	4.313244	2.211125
20.900000	4.270146	2.231090
20.910000	4.227251	2.251285
20.920000	4.184550	2.271713
20.930000	4.142036	2.292381
20.940000	4.099704	2.313293
20.950000	4.057545	2.334455
20.960000	4.015552	2.355872
20.970000	3.973718	2.377551
20.980000	3.932034	2.399497
20.990000	3.890494	2.421717
21.000000	3.849090	2.444217
21.010000	3.807812	2.467003
21.020000	3.766655	2.490083
21.030000	3.725608	2.513463
21.040000	3.684663	2.537151
21.050000	3.643813	2.561155
21.060000	3.603048	2.585482
21.070000	3.562358	2.610141
21.080000	3.521736	2.635140
21.090000	3.481172	2.660487
21.100000	3.440656	2.686191
21.110000	3.400178	2.712263
21.120000	3.359728	2.738710
21.130000	3.319298	2.765543
21.140000	3.278875	2.792773
21.150000	3.238451	2.820409
21.160000	3.198013	2.848462
21.170000	3.157552	2.876943
21.180000	3.117057	2.905863
21.190000	3.076515	2.935234
21.200000	3.035917	2.965067
21.210000	2.995250	2.995374
21.220000	2.954503	3.026169
21.230000	2.913665	3.057462
21.240000	2.872723	3.089267
21.250000	2.831666	3.121596
21.260000	2.790483	3.154463
21.270000	2.749162	3.187880
21.280000	2.707690	3.221859
21.290000	2.666058	3.256415
21.300000	2.624253	3.291559
21.310000	2.582265	3.327305
21.320000	2.540084	3.363663
21.330000	2.497699	3.400647
21.340000	2.455102	3.438268
21.350000	2.412283	3.476536
21.360000	2.369235	3.515461
21.370000	2.325952	3.555052
21.380000	2.282427	3.595317
21.390000	2.238657	3.636262
21.400000	2.194639	3.677894
21.410000	2.150372	3.720214
21.420000	2.105858	3.763225
21.430000	2.061099	3.806925
21.440000	2.016101	3.851312
21.450000	1.970873	3.896379
21.460000	1.925426	3.942118
21.470000	1.879773	3.988516
21.480000	1.833934	4.035557
21.490000	1.787930	4.083222
21.500000	1.741786	4.131487
21.510000	1.695531	4.180324
21.520000	1.649200	4.229700
21.530000	1.602830	4.279578
21.540000	1.556464	4.329916
21.550000	1.510148	4.380666
21.560000	1.463935	4.431778
21.570000	1.417880	4.483194
21.580000	1.372043	4.534852
21.590000	1.326487	4.586688
21.600000	1.281279	4.638631
21.610000	1.236489	4.690607
21.620000	1.192191	4.742541
21.630000	1.148456	4.794354
21.640000	1.105361	4.845964
21.650000	1.062981	4.897291
21.660000	1.021389	4.948253
21.670000	0.980658	4.998770
21.680000	0.940858	5.048764
21.690000	0.902056	5.098157
21.700000	0.864314	5.146879
21.710000	0.827689	5.194861
21.720000	0.792231	5.242041
21.730000	0.757986	5.288364
21.740000	0.724992	5.333779
21.750000	0.693278	5.378243
21.760000	0.662867	5.421721
21.770000	0.633774	5.464185
21.780000	0.606007	5.505614
21.790000	0.579565	5.545996
21.800000	0.554442	5.585324
21.810000	0.530623	5.623598
21.820000	0.508088	5.660827
21.830000	0.486812	5.697022
21.840000	0.466764	5.732202
21.850000	0.447909	5.766390
21.860000	0.430207	5.799612
21.870000	0.413618	5.831899
21.880000	0.398097	5.863283
21.890000	0.383599	5.893801
21.900000	0.370076	5.923488
21.910000	0.357480	5.952383
21.920000	0.345764	5.980525
21.930000	0.334880	6.007951
21.940000	0.324781	6.034701
21.950000	0.315420	6.060814
21.960000	0.306754	6.086326
21.970000	0.298738	6.111274
21.980000	0.291331	6.135694
21.990000	0.284492	6.159620
22.000000	0.278183	6.183084
22.010000	0.272368	6.206117
22.020000	0.267011	6.228750
22.030000	0.262081	6.251010
22.040000	0.257546	6.272925
22.050000	0.253376	6.294518
22.060000	0.249546	6.315815
22.070000	0.246029	6.336837
22.080000	0.242802	6.357604
22.090000	0.239841	6.378136
22.100000	0.237128	6.398451
22.110000	0.234642	6.418566
22.120000	0.232365	6.438496
22.130000	0.230281	6.458257
22.140000	0.228375	6.477860
22.150000	0.226632	6.497319
22.160000	0.225040	6.516645
22.170000	0.223586	6.535849
22.180000	0.222259	6.554940
22.190000	0.221048	6.573928
22.200000	0.219945	6.592820
22.210000	0.218940	6.611625
22.220000	0.218026	6.630350
22.230000	0.217195	6.649001
22.240000	0.216440	6.667584
22.250000	0.215755	6.686105
22.260000	0.215135	6.704568
22.270000	0.214573	6.722978
22.280000	0.214065	6.741340
22.290000	0.213607	6.759657
22.300000	0.213195	6.777934
22.310000	0.212824	6.796173
22.320000	0.212492	6.814377
22.330000	0.212194	6.832549
22.340000	0.211930	6.850692
22.350000	0.211694	6.868808
22.360000	0.211486	6.886899
22.370000	0.211303	6.904968
22.380000	0.211143	6.923015
22.390000	0.211003	6.941043
22.400000	0.210883	6.959053
22.410000	0.210781	6.977046
22.420000	0.210695	6.995025
22.430000	0.210624	7.012989
22.440000	0.210566	7.030940
22.450000	0.210521	7.048879
22.460000	0.210488	7.066807
22.470000	0.210465	7.084725
22.480000	0.210452	7.102633
22.490000	0.210448	7.120533
22.500000	0.210453	7.138424
22.510000	0.210464	7.156308
22.520000	0.210483	7.174184
22.530000	0.210508	7.192054
22.540000	0.210540	7.209918
22.550000	0.210576	7.227776
22.560000	0.210618	7.245629
22.570000	0.210664	7.263476
22.580000	0.210714	7.281319
22.590000	0.210769	7.299158
22.600000	0.210827	7.316992
22.610000	0.210888	7.334822
22.620000	0.210952	7.352649
22.630000	0.211020	7.370472
22.640000	0.211090	7.388292
22.650000	0.211162	7.406109
22.660000	0.211236	7.423923
22.670000	0.211313	7.441734
22.680000	0.211391	7.459542
22.690000	0.211472	7.477348
22.700000	0.211554	7.495151
22.710000	0.211637	7.512952
22.720000	0.211722	7.530751
22.730000	0.211809	7.548548
22.740000	0.211896	7.566342
22.750000	0.211985	7.584134
22.760000	0.212075	7.601925
22.770000	0.212165	7.619713
22.780000	0.212257	7.637500
22.790000	0.212350	7.655284
22.800000	0.212443	7.673067
22.810000	0.212538	7.690849
22.820000	0.212633	7.708628
22.830000	0.212728	7.726406
22.840000	0.212825	7.744183
22.850000	0.212922	7.761958
22.860000	0.213019	7.779731
22.870000	0.213117	7.797502
22.880000	0.213216	7.815273
22.890000	0.213315	7.833041
22.900000	0.213415	7.850809
22.910000	0.213515	7.868574
22.920000	0.213615	7.886339
22.930000	0.213716	7.904101
22.940000	0.213818	7.921863
22.950000	0.213919	7.939623
22.960000	0.214022	7.957382
22.970000	0.214124	7.975139
22.980000	0.214227	7.992895
22.990000	0.214330	8.010649
23.000000	0.214434	8.028402
23.010000	0.214538	8.046154
23.020000	0.214642	8.063905
23.030000	0.214746	8.081654
23.040000	0.214851	8.099401
23.050000	0.214956	8.117148
23.060000	0.215062	8.134893
23.070000	0.215168	8.152636
23.080000	0.215274	8.170379
23.090000	0.215380	8.188120
23.100000	0.215486	8.205859
23.110000	0.215593	8.223598
23.120000	0.215700	8.241335
23.130000	0.215808	8.259070
23.140000	0.215915	8.276804
23.150000	0.216023	8.294537
23.160000	0.216131	8.312269
23.170000	0.216240	8.329999
23.180000	0.216349	8.347728
23.190000	0.216458	8.365456
23.200000	0.216567	8.383182
23.210000	0.216676	8.400907
23.220000	0.216786	8.418630
23.230000	0.216896	8.436352
23.240000	0.217006	8.454073
23.250000	0.217117	8.471793
23.260000	0.217227	8.489511
23.270000	0.217338	8.507228
23.280000	0.217450	8.524943
23.290000	0.217561	8.542657
23.300000	0.217673	8.560370
23.310000	0.217785	8.578081
23.320000	0.217897	8.595791
23.330000	0.218010	8.613499
23.340000	0.218122	8.631206
23.350000	0.218235	8.648912
23.360000	0.218349	8.666616
23.370000	0.218462	8.684319
23.380000	0.218576	8.702021
23.390000	0.218690	8.719721
23.400000	0.218805	8.737420
23.410000	0.218919	8.755117
23.420000	0.219034	8.772813
23.430000	0.219149	8.790508
23.440000	0.219264	8.808201
23.450000	0.219380	8.825893
23.460000	0.219496	8.843583
23.470000	0.219612	8.861272
23.480000	0.219728	8.878959
23.490000	0.219845	8.896645
23.500000	0.219962	8.914330
23.510000	0.220079	8.932013
23.520000	0.220197	8.949695
23.530000	0.220315	8.967375
23.540000	0.220433	8.985054
23.550000	0.220551	9.002731
23.560000	0.220669	9.020407
23.570000	0.220788	9.038082
23.580000	0.220907	9.055755
23.590000	0.221027	9.073426
23.600000	0.221147	9.091096
23.610000	0.221266	9.108765
23.620000	0.221387	9.126432
23.630000	0.221507	9.144098
23.640000	0.221628	9.161762
23.650000	0.221749	9.179424
23.660000	0.221870	9.197086
23.670000	0.221992	9.214745
23.680000	0.222114	9.232403
23.690000	0.222236	9.250060
23.700000	0.222359	9.267715
23.710000	0.222482	9.285369
23.720000	0.222605	9.303021
23.730000	0.222728	9.320671
23.740000	0.222852	9.338320
23.750000	0.222976	9.355968
23.760000	0.223100	9.373614
23.770000	0.223225	9.391258
23.780000	0.223350	9.408901
23.790000	0.223475	9.426542
23.800000	0.223600	9.444182
23.810000	0.223726	9.461820
23.820000	0.223852	9.479457
23.830000	0.223978	9.497092
23.840000	0.224105	9.514726
23.850000	0.224232	9.532358
23.860000	0.224360	9.549988
23.870000	0.224487	9.567617
23.880000	0.224615	9.585244
23.890000	0.224743	9.602869
23.900000	0.224872	9.620493
23.910000	0.225001	9.638116
23.920000	0.225130	9.655736
23.930000	0.225260	9.673356
23.940000	0.225390	9.690973
23.950000	0.225520	9.708589
23.960000	0.225650	9.726203
23.970000	0.225781	9.743816
23.980000	0.225912	9.761427
23.990000	0.226044	9.779036
24.000000	0.226176	9.796644
24.010000	0.226308	9.814250
24.020000	0.226440	9.831854
24.030000	0.226573	9.849457
24.040000	0.226707	9.867058
24.050000	0.226840	9.884658
24.060000	0.226974	9.902255
24.070000	0.227108	9.919851
24.080000	0.227243	9.937446
24.090000	0.227378	9.955038
24.100000	0.227513	9.972629
24.110000	0.227649	9.990219
24.120000	0.227785	10.007806
24.130000	0.227921	10.025392
24.140000	0.228058	10.042976
24.150000	0.228195	10.060558
24.160000	0.228332	10.078139
24.170000	0.228470	10.095718
24.180000	0.228608	10.113295
24.190000	0.228746	10.130871
24.200000	0.228885	10.148444
24.210000	0.229025	10.166016
24.220000	0.229164	10.183586
24.230000	0.229304	10.201155
24.240000	0.229444	10.218721
24.250000	0.229585	10.236286
24.260000	0.229726	10.253849
24.270000	0.229868	10.271410
24.280000	0.230010	10.288970
24.290000	0.230152	10.306528
24.300000	0.230295	10.324083
24.310000	0.230438	10.341637
24.320000	0.230581	10.359190
24.330000	0.230725	10.376740
24.340000	0.230869	10.394288
24.350000	0.231014	10.411835
24.360000	0.231159	10.429380
24.370000	0.231304	10.446923
24.380000	0.231450	10.464464
24.390000	0.231596	10.482003
24.400000	0.231743	10.499541
24.410000	0.231890	10.517076
24.420000	0.232037	10.534610
24.430000	0.232185	10.552142
24.440000	0.232333	10.569672
24.450000	0.232482	10.587200
24.460000	0.232631	10.604726
24.470000	0.232781	10.622250
24.480000	0.232931	10.639772
24.490000	0.233081	10.657292
24.500000	0.233232	10.674811
24.510000	0.233383	10.692327
24.520000	0.233535	10.709841
24.530000	0.233687	10.727354
24.540000	0.233840	10.744865
24.550000	0.233993	10.762373
24.560000	0.234146	10.779880
24.570000	0.234300	10.797384
24.580000	0.234455	10.814887
24.590000	0.234609	10.832388
24.600000	0.234765	10.849886
24.610000	0.234920	10.867383
24.620000	0.235077	10.884877
24.630000	0.235233	10.902370
24.640000	0.235390	10.919861
24.650000	0.235548	10.937349
24.660000	0.235706	10.954835
24.670000	0.235865	10.972320
24.680000	0.236024	10.989802
24.690000	0.236183	11.007282
24.700000	0.236343	11.024761
24.710000	0.236504	11.042237
24.720000	0.236665	11.059711
24.730000	0.236826	11.077183
24.740000	0.236988	11.094652
24.750000	0.237150	11.112120
24.760000	0.237313	11.129586
24.770000	0.237477	11.147049
24.780000	0.237641	11.164510
24.790000	0.237805	11.181969
24.800000	0.237970	11.199426
24.810000	0.238136	11.216881
24.820000	0.238302	11.234334
24.830000	0.238468	11.251784
24.840000	0.238635	11.269233
24.850000	0.238803	11.286679
24.860000	0.238971	11.304122
24.870000	0.239140	11.321564
24.880000	0.239309	11.339004
24.890000	0.239479	11.356441
24.900000	0.239649	11.373876
24.910000	0.239820	11.391308
24.920000	0.239991	11.408739
24.930000	0.240163	11.426167
24.940000	0.240335	11.443593
24.950000	0.240509	11.461016
24.960000	0.240682	11.478438
24.970000	0.240856	11.495857
24.980000	0.241031	11.513273
24.990000	0.241206	11.530688
25.000000	0.241382	11.548100
25.010000	0.241559	11.565509
25.020000	0.241736	11.582917
25.030000	0.241914	11.600322
25.040000	0.242092	11.617724
25.050000	0.242271	11.635125
25.060000	0.242450	11.652522
25.070000	0.242630	11.669918
25.080000	0.242811	11.687311
25.090000	0.242992	11.704701
25.100000	0.243174	11.722090
25.110000	0.243357	11.739475
25.120000	0.243540	11.756859
25.130000	0.243724	11.774239
25.140000	0.243908	11.791618
25.150000	0.244093	11.808994
25.160000	0.244279	11.826367
25.170000	0.244465	11.843738
25.180000	0.244652	11.861106
25.190000	0.244840	11.878472
25.200000	0.245028	11.895835
25.210000	0.245217	11.913196
25.220000	0.245407	11.930554
25.230000	0.245597	11.947909
25.240000	0.245788	11.965262
25.250000	0.245980	11.982613
25.260000	0.246173	11.999961
25.270000	0.246366	12.017306
25.280000	0.246559	12.034648
25.290000	0.246754	12.051988
25.300000	0.246949	12.069326
25.310000	0.247145	12.086660
25.320000	0.247342	12.103992
25.330000	0.247539	12.121321
25.340000	0.247737	12.138648
25.350000	0.247936	12.155971
25.360000	0.248136	12.173293
25.370000	0.248336	12.190611
25.380000	0.248537	12.207926
25.390000	0.248739	12.225239
25.400000	0.248942	12.242549
25.410000	0.249145	12.259856
25.420000	0.249349	12.277161
25.430000	0.249554	12.294462
25.440000	0.249760	12.311761
25.450000	0.249966	12.329057
25.460000	0.250173	12.346350
25.470000	0.250382	12.363640
25.480000	0.250590	12.380928
25.490000	0.250800	12.398212
25.500000	0.251011	12.415493
25.510000	0.251222	12.432772
25.520000	0.251434	12.450047
25.530000	0.251647	12.467320
25.540000	0.251861	12.484590
25.550000	0.252076	12.501856
25.560000	0.252292	12.519120
25.570000	0.252508	12.536381
25.580000	0.252725	12.553638
25.590000	0.252944	12.570893
25.600000	0.253163	12.588144
25.610000	0.253383	12.605392
25.620000	0.253604	12.622638
25.630000	0.253826	12.639880
25.640000	0.254048	12.657119
25.650000	0.254272	12.674355
25.660000	0.254497	12.691587
25.670000	0.254722	12.708817
25.680000	0.254949	12.726043
25.690000	0.255176	12.743266
25.700000	0.255404	12.760486
25.710000	0.255634	12.777703
25.720000	0.255864	12.794916
25.730000	0.256095	12.812126
25.740000	0.256328	12.829333
25.750000	0.256561	12.846536
25.760000	0.256795	12.863736
25.770000	0.257031	12.880933
25.780000	0.257267	12.898126
25.790000	0.257505	12.915316
25.800000	0.257743	12.932503
25.810000	0.257983	12.949686
25.820000	0.258223	12.966865
25.830000	0.258465	12.984041
25.840000	0.258707	13.001214
25.850000	0.258951	13.018383
25.860000	0.259196	13.035549
25.870000	0.259442	13.052711
25.880000	0.259689	13.069869
25.890000	0.259938	13.087024
25.900000	0.260187	13.104175
25.910000	0.260438	13.121323
25.920000	0.260690	13.138467
25.930000	0.260942	13.155607
25.940000	0.261197	13.172743
25.950000	0.261452	13.189876
25.960000	0.261708	13.207005
25.970000	0.261966	13.224130
25.980000	0.262225	13.241251
25.990000	0.262485	13.258369
26.000000	0.262747	13.275483
26.010000	0.263009	13.292593
26.020000	0.263273	13.309698
26.030000	0.263539	13.326800
26.040000	0.263805	13.343899
26.050000	0.264073	13.360993
26.060000	0.264342	13.378083
26.070000	0.264613	13.395169
26.080000	0.264885	13.412251
26.090000	0.265158	13.429329
26.100000	0.265433	13.446402
26.110000	0.265709	13.463472
26.120000	0.265986	13.480538
26.130000	0.266265	13.497599
26.140000	0.266545	13.514656
26.150000	0.266827	13.531709
26.160000	0.267110	13.548757
26.170000	0.267395	13.565802
26.180000	0.267681	13.582842
26.190000	0.267968	13.599877
26.200000	0.268257	13.616908
26.210000	0.268548	13.633935
26.220000	0.268840	13.650957
26.230000	0.269134	13.667975
26.240000	0.269430	13.684988
26.250000	0.269727	13.701997
26.260000	0.270025	13.719001
26.270000	0.270325	13.736001
26.280000	0.270627	13.752996
26.290000	0.270931	13.769986
26.300000	0.271236	13.786971
26.310000	0.271543	13.803952
26.320000	0.271852	13.820928
26.330000	0.272162	13.837899
26.340000	0.272474	13.854865
26.350000	0.272788	13.871826
26.360000	0.273104	13.888783
26.370000	0.273422	13.905734
26.380000	0.273741	13.922680
26.390000	0.274063	13.939621
26.400000	0.274386	13.956558
26.410000	0.274711	13.973489
26.420000	0.275038	13.990415
26.430000	0.275367	14.007335
26.440000	0.275698	14.024251
26.450000	0.276031	14.041161
26.460000	0.276366	14.058065
26.470000	0.276703	14.074965
26.480000	0.277042	14.091858
26.490000	0.277383	14.108747
26.500000	0.277727	14.125630
26.510000	0.278072	14.142507
26.520000	0.278420	14.159379
26.530000	0.278770	14.176245
26.540000	0.279122	14.193105
26.550000	0.279476	14.209959
26.560000	0.279832	14.226808
26.570000	0.280191	14.243651
26.580000	0.280553	14.260488
26.590000	0.280916	14.277318
26.600000	0.281282	14.294143
26.610000	0.281651	14.310962
26.620000	0.282022	14.327775
26.630000	0.282395	14.344581
26.640000	0.282771	14.361381
26.650000	0.283149	14.378175
26.660000	0.283530	14.394962
26.670000	0.283914	14.411743
26.680000	0.284300	14.428518
26.690000	0.284690	14.445286
26.700000	0.285081	14.462047
26.710000	0.285476	14.478802
26.720000	0.285873	14.495550
26.730000	0.286273	14.512291
26.740000	0.286677	14.529025
26.750000	0.287083	14.545752
26.760000	0.287492	14.562472
26.770000	0.287904	14.579185
26.780000	0.288319	14.595891
26.790000	0.288737	14.612590
26.800000	0.289158	14.629281
26.810000	0.289583	14.645965
26.820000	0.290010	14.662641
26.830000	0.290441	14.679310
26.840000	0.290876	14.695972
26.850000	0.291313	14.712625
26.860000	0.291755	14.729271
26.870000	0.292199	14.745909
26.880000	0.292648	14.762538
26.890000	0.293099	14.779160
26.900000	0.293555	14.795774
26.910000	0.294014	14.812379
26.920000	0.294477	14.828976
26.930000	0.294944	14.845564
26.940000	0.295414	14.862144
26.950000	0.295889	14.878716
26.960000	0.296367	14.895278
26.970000	0.296850	14.911832
26.980000	0.297337	14.928377
26.990000	0.297828	14.944912
27.000000	0.298323	14.961439
27.010000	0.298823	14.977956
27.020000	0.299327	14.994464
27.030000	0.299835	15.010962
27.040000	0.300348	15.027450
27.050000	0.300866	15.043929
27.060000	0.301389	15.060398
27.070000	0.301916	15.076856
27.080000	0.302449	15.093305
27.090000	0.302986	15.109743
27.100000	0.303528	15.126171
27.110000	0.304076	15.142588
27.120000	0.304629	15.158995
27.130000	0.305187	15.175390
27.140000	0.305750	15.191775
27.150000	0.306320	15.208148
27.160000	0.306894	15.224510
27.170000	0.307475	15.240860
27.180000	0.308062	15.257199
27.190000	0.308654	15.273526
27.200000	0.309253	15.289840
27.210000	0.309858	15.306143
27.220000	0.310469	15.322433
27.230000	0.311087	15.338710
27.240000	0.311712	15.354975
27.250000	0.312343	15.371227
27.260000	0.312981	15.387465
27.270000	0.313626	15.403690
27.280000	0.314279	15.419901
27.290000	0.314939	15.436099
27.300000	0.315606	15.452282
27.310000	0.316281	15.468451
27.320000	0.316963	15.484606
27.330000	0.317654	15.500745
27.340000	0.318353	15.516870
27.350000	0.319060	15.532979
27.360000	0.319776	15.549072
27.370000	0.320501	15.565150
27.380000	0.321234	15.581211
27.390000	0.321977	15.597256
27.400000	0.322729	15.613285
27.410000	0.323491	15.629296
27.420000	0.324262	15.645289
27.430000	0.325044	15.661265
27.440000	0.325836	15.677223
27.450000	0.326638	15.693162
27.460000	0.327451	15.709082
27.470000	0.328276	15.724984
27.480000	0.329111	15.740865
27.490000	0.329959	15.756727
27.500000	0.330818	15.772568
27.510000	0.331690	15.788388
27.520000	0.332574	15.804187
27.530000	0.333471	15.819964
27.540000	0.334382	15.835719
27.550000	0.335306	15.851451
27.560000	0.336244	15.867160
27.570000	0.337196	15.882845
27.580000	0.338164	15.898505
27.590000	0.339146	15.914141
27.600000	0.340145	15.929751
27.610000	0.341159	15.945335
27.620000	0.342191	15.960892
27.630000	0.343239	15.976422
27.640000	0.344305	15.991924
27.650000	0.345389	16.007396
27.660000	0.346492	16.022839
27.670000	0.347615	16.038252
27.680000	0.348757	16.053634
27.690000	0.349920	16.068983
27.700000	0.351104	16.084300
27.710000	0.352311	16.099582
27.720000	0.353540	16.114830
27.730000	0.354792	16.130042
27.740000	0.356069	16.145217
27.750000	0.357371	16.160354
27.760000	0.358700	16.175452
27.770000	0.360055	16.190510
27.780000	0.361438	16.205526
27.790000	0.362850	16.220500
27.800000	0.364293	16.235429
27.810000	0.365767	16.250312
27.820000	0.367273	16.265148
27.830000	0.368813	16.279936
27.840000	0.370388	16.294672
27.850000	0.371999	16.309357
27.860000	0.373649	16.323987
27.870000	0.375338	16.338562
27.880000	0.377068	16.353078
27.890000	0.378842	16.367534
27.900000	0.380660	16.381927
27.910000	0.382525	16.396256
27.920000	0.384439	16.410516
27.930000	0.386404	16.424706
27.940000	0.388423	16.438823
27.950000	0.390499	16.452864
27.960000	0.392633	16.466825
27.970000	0.394828	16.480703
27.980000	0.397089	16.494494
27.990000	0.399418	16.508195
28.000000	0.401818	16.521800
28.010000	0.404294	16.535306
28.020000	0.406849	16.548708
28.030000	0.409488	16.562001
28.040000	0.412215	16.575178
28.050000	0.415036	16.588235
28.060000	0.417957	16.601164
28.070000	0.420982	16.613960
28.080000	0.424118	16.626614
28.090000	0.427372	16.639118
28.100000	0.430752	16.651465
28.110000	0.434266	16.663644
28.120000	0.437922	16.675645
28.130000	0.441730	16.687457
28.140000	0.445701	16.699069
28.150000	0.449847	16.710466
28.160000	0.454179	16.721635
28.170000	0.458713	16.732560
28.180000	0.463463	16.743223
28.190000	0.468446	16.753605
28.200000	0.473681	16.763685
28.210000	0.479190	16.773440
28.220000	0.484994	16.782844
28.230000	0.491121	16.791866
28.240000	0.497600	16.800477
28.250000	0.504463	16.808638
28.260000	0.511747	16.816309
28.270000	0.519494	16.823444
28.280000	0.527752	16.829991
28.290000	0.536575	16.835891
28.300000	0.546024	16.841076
28.310000	0.556172	16.845468
28.320000	0.567101	16.848978
28.330000	0.578906	16.851501
28.340000	0.591702	16.852917
28.350000	0.605618	16.853083
28.360000	0.620813	16.851832
28.370000	0.637472	16.848965
28.380000	0.655819	16.844243
28.390000	0.676126	16.837378
28.400000	0.698724	16.828019
28.410000	0.724021	16.815735
28.420000	0.752528	16.799988
28.430000	0.784888	16.780102
28.440000	0.821924	16.755217
28.450000	0.864704	16.724218
28.460000	0.914635	16.685640
28.470000	0.973610	16.637518
28.480000	1.044223	16.577170
28.490000	1.130116	16.500834
28.500000	1.236546	16.403103
28.510000	1.371337	16.275947
28.520000	1.546569	16.107001
28.530000	1.781707	15.876398
28.540000	2.109712	15.550576
28.550000	2.589781	15.069409
28.560000	3.335606	14.317687
28.570000	4.581713	13.058224
28.580000	6.838919	10.775201
28.590000	11.146286	6.419444
28.600000	17.915692	-0.441425
28.610000	14.548116	2.766995
28.620000	18.824103	-1.634474
28.630000	10.981746	6.039642
28.640000	17.077487	-0.145916
28.650000	14.793414	1.987382
28.660000	17.535427	-0.882565
28.670000	12.912720	3.584787
28.680000	17.489536	-1.101156
28.690000	12.217429	4.016056
28.700000	16.888101	-0.756790
28.710000	12.891984	3.090446
28.720000	16.630287	-0.756777
28.730000	12.727964	2.999243
28.740000	16.206694	-0.586766
28.750000	12.902775	2.575085
28.760000	15.790513	-0.421681
28.770000	13.022137	2.208790
28.780000	15.355282	-0.234575
28.790000	13.133108	1.854046
28.800000	14.906296	-0.030474
28.810000	13.218891	1.527868
28.820000	14.454596	0.179974
28.830000	13.260621	1.249404
28.840000	14.018955	0.378463
28.850000	13.240668	1.036561
28.860000	13.621444	0.543378
28.870000	13.151289	0.897318
28.880000	13.276617	0.660478
28.890000	13.000404	0.823925
28.900000	12.982879	0.731446
28.910000	12.807651	0.796844
28.920000	12.725921	0.770498
28.930000	12.593884	0.795276
28.940000	12.489911	0.793310
28.950000	12.373568	0.804754
28.960000	12.264596	0.809991
28.970000	12.153881	0.818060
28.980000	12.045366	0.825036
28.990000	11.937427	0.832521
29.000000	11.830670	0.839903
29.010000	11.724865	0.847402
29.020000	11.620074	0.854944
29.030000	11.516264	0.862554
29.040000	11.413431	0.870224
29.050000	11.311563	0.877958
29.060000	11.210651	0.885754
29.070000	11.110683	0.893615
29.080000	11.011652	0.901540
29.090000	10.913546	0.909530
29.100000	10.816355	0.917585
29.110000	10.720071	0.925705
29.120000	10.624683	0.933893
29.130000	10.530182	0.942147
29.140000	10.436559	0.950468
29.150000	10.343804	0.958857
29.160000	10.251908	0.967315
29.170000	10.160862	0.975842
29.180000	10.070657	0.984439
29.190000	9.981284	0.993105
29.200000	9.892734	1.001842
29.210000	9.804998	1.010651
29.220000	9.718067	1.019531
29.230000	9.631934	1.028484
29.240000	9.546589	1.037510
29.250000	9.462023	1.046610
29.260000	9.378229	1.055784
29.270000	9.295198	1.065032
29.280000	9.212922	1.074357
29.290000	9.131392	1.083757
29.300000	9.050601	1.093235
29.310000	8.970540	1.102789
29.320000	8.891201	1.112422
29.330000	8.812578	1.122134
29.340000	8.734661	1.131925
29.350000	8.657442	1.141797
29.360000	8.580916	1.151749
29.370000	8.505072	1.161784
29.380000	8.429905	1.171900
29.390000	8.355406	1.182100
29.400000	8.281569	1.192383
29.410000	8.208385	1.202751
29.420000	8.135847	1.213205
29.430000	8.063949	1.223745
29.440000	7.992683	1.234372
29.450000	7.922041	1.245087
29.460000	7.852017	1.255890
29.470000	7.782604	1.266783
29.480000	7.713794	1.277767
29.490000	7.645582	1.288841
29.500000	7.577959	1.300008
29.510000	7.510919	1.311268
29.520000	7.444456	1.322623
29.530000	7.378562	1.334072
29.540000	7.313231	1.345617
29.550000	7.248457	1.357259
29.560000	7.184232	1.368999
29.570000	7.120551	1.380838
29.580000	7.057406	1.392777
29.590000	6.994792	1.404818
29.600000	6.932702	1.416960
29.610000	6.871129	1.429206
29.620000	6.810067	1.441556
29.630000	6.749510	1.454012
29.640000	6.689452	1.466575
29.650000	6.629887	1.479246
29.660000	6.570808	1.492026
29.670000	6.512209	1.504917
29.680000	6.454084	1.517920
29.690000	6.396428	1.531036
29.700000	6.339233	1.544266
29.710000	6.282494	1.557613
29.720000	6.226205	1.571076
29.730000	6.170360	1.584659
29.740000	6.114953	1.598363
29.750000	6.059979	1.612188
29.760000	6.005430	1.626136
29.770000	5.951302	1.640210
29.780000	5.897588	1.654411
29.790000	5.844283	1.668740
29.800000	5.791381	1.683199
29.810000	5.738876	1.697791
29.820000	5.686762	1.712516
29.830000	5.635033	1.727377
29.840000	5.583684	1.742376
29.850000	5.532708	1.757515
29.860000	5.482101	1.772795
29.870000	5.431856	1.788220
29.880000	5.381967	1.803790
29.890000	5.332428	1.819509
29.900000	5.283235	1.835378
29.910000	5.234380	1.851400
29.920000	5.185858	1.867578
29.930000	5.137664	1.883914
29.940000	5.089791	1.900410
29.950000	5.042234	1.917069
29.960000	4.994986	1.933895
29.970000	4.948042	1.950889
29.980000	4.901396	1.968055
29.990000	4.855042	1.985395
30.000000	4.808973	2.002913
